-1 -2 0
-1 -3 0
-1 -4 0
-1 -5 0
-1 -6 0
-1 -7 0
-1 -8 0
-1 -9 0
-1 -10 0
-1 -11 0
-1 -12 0
-1 -13 0
-1 -14 0
-1 -15 0
-1 -16 0
-1 -17 0
-1 -18 0
-1 -19 0
-1 -20 0
-1 -21 0
-1 -22 0
-1 -23 0
-1 -24 0
-2 -3 0
-2 -4 0
-2 -5 0
-2 -6 0
-2 -7 0
-2 -8 0
-2 -9 0
-2 -10 0
-2 -11 0
-2 -12 0
-2 -13 0
-2 -14 0
-2 -15 0
-2 -16 0
-2 -17 0
-2 -18 0
-2 -19 0
-2 -20 0
-2 -21 0
-2 -22 0
-2 -23 0
-2 -24 0
-3 -4 0
-3 -5 0
-3 -6 0
-3 -7 0
-3 -8 0
-3 -9 0
-3 -10 0
-3 -11 0
-3 -12 0
-3 -13 0
-3 -14 0
-3 -15 0
-3 -16 0
-3 -17 0
-3 -18 0
-3 -19 0
-3 -20 0
-3 -21 0
-3 -22 0
-3 -23 0
-3 -24 0
-4 -5 0
-4 -6 0
-4 -7 0
-4 -8 0
-4 -9 0
-4 -10 0
-4 -11 0
-4 -12 0
-4 -13 0
-4 -14 0
-4 -15 0
-4 -16 0
-4 -17 0
-4 -18 0
-4 -19 0
-4 -20 0
-4 -21 0
-4 -22 0
-4 -23 0
-4 -24 0
-5 -6 0
-5 -7 0
-5 -8 0
-5 -9 0
-5 -10 0
-5 -11 0
-5 -12 0
-5 -13 0
-5 -14 0
-5 -15 0
-5 -16 0
-5 -17 0
-5 -18 0
-5 -19 0
-5 -20 0
-5 -21 0
-5 -22 0
-5 -23 0
-5 -24 0
-6 -7 0
-6 -8 0
-6 -9 0
-6 -10 0
-6 -11 0
-6 -12 0
-6 -13 0
-6 -14 0
-6 -15 0
-6 -16 0
-6 -17 0
-6 -18 0
-6 -19 0
-6 -20 0
-6 -21 0
-6 -22 0
-6 -23 0
-6 -24 0
-7 -8 0
-7 -9 0
-7 -10 0
-7 -11 0
-7 -12 0
-7 -13 0
-7 -14 0
-7 -15 0
-7 -16 0
-7 -17 0
-7 -18 0
-7 -19 0
-7 -20 0
-7 -21 0
-7 -22 0
-7 -23 0
-7 -24 0
-8 -9 0
-8 -10 0
-8 -11 0
-8 -12 0
-8 -13 0
-8 -14 0
-8 -15 0
-8 -16 0
-8 -17 0
-8 -18 0
-8 -19 0
-8 -20 0
-8 -21 0
-8 -22 0
-8 -23 0
-8 -24 0
-9 -10 0
-9 -11 0
-9 -12 0
-9 -13 0
-9 -14 0
-9 -15 0
-9 -16 0
-9 -17 0
-9 -18 0
-9 -19 0
-9 -20 0
-9 -21 0
-9 -22 0
-9 -23 0
-9 -24 0
-10 -11 0
-10 -12 0
-10 -13 0
-10 -14 0
-10 -15 0
-10 -16 0
-10 -17 0
-10 -18 0
-10 -19 0
-10 -20 0
-10 -21 0
-10 -22 0
-10 -23 0
-10 -24 0
-11 -12 0
-11 -13 0
-11 -14 0
-11 -15 0
-11 -16 0
-11 -17 0
-11 -18 0
-11 -19 0
-11 -20 0
-11 -21 0
-11 -22 0
-11 -23 0
-11 -24 0
-12 -13 0
-12 -14 0
-12 -15 0
-12 -16 0
-12 -17 0
-12 -18 0
-12 -19 0
-12 -20 0
-12 -21 0
-12 -22 0
-12 -23 0
-12 -24 0
-13 -14 0
-13 -15 0
-13 -16 0
-13 -17 0
-13 -18 0
-13 -19 0
-13 -20 0
-13 -21 0
-13 -22 0
-13 -23 0
-13 -24 0
-14 -15 0
-14 -16 0
-14 -17 0
-14 -18 0
-14 -19 0
-14 -20 0
-14 -21 0
-14 -22 0
-14 -23 0
-14 -24 0
-15 -16 0
-15 -17 0
-15 -18 0
-15 -19 0
-15 -20 0
-15 -21 0
-15 -22 0
-15 -23 0
-15 -24 0
-16 -17 0
-16 -18 0
-16 -19 0
-16 -20 0
-16 -21 0
-16 -22 0
-16 -23 0
-16 -24 0
-17 -18 0
-17 -19 0
-17 -20 0
-17 -21 0
-17 -22 0
-17 -23 0
-17 -24 0
-18 -19 0
-18 -20 0
-18 -21 0
-18 -22 0
-18 -23 0
-18 -24 0
-19 -20 0
-19 -21 0
-19 -22 0
-19 -23 0
-19 -24 0
-20 -21 0
-20 -22 0
-20 -23 0
-20 -24 0
-21 -22 0
-21 -23 0
-21 -24 0
-22 -23 0
-22 -24 0
-23 -24 0
-25 -26 0
-25 -27 0
-25 -28 0
-26 -27 0
-26 -28 0
-27 -28 0
-29 -30 0
-29 -31 0
-29 -32 0
-30 -31 0
-30 -32 0
-31 -32 0
-33 -34 0
-33 -35 0
-33 -36 0
-34 -35 0
-34 -36 0
-35 -36 0
-37 -38 0
-37 -39 0
-37 -40 0
-38 -39 0
-38 -40 0
-39 -40 0
-41 -42 0
-41 -43 0
-41 -44 0
-41 -45 0
-41 -46 0
-41 -47 0
-41 -48 0
-41 -49 0
-41 -50 0
-41 -51 0
-41 -52 0
-41 -53 0
-41 -54 0
-41 -55 0
-41 -56 0
-42 -43 0
-42 -44 0
-42 -45 0
-42 -46 0
-42 -47 0
-42 -48 0
-42 -49 0
-42 -50 0
-42 -51 0
-42 -52 0
-42 -53 0
-42 -54 0
-42 -55 0
-42 -56 0
-43 -44 0
-43 -45 0
-43 -46 0
-43 -47 0
-43 -48 0
-43 -49 0
-43 -50 0
-43 -51 0
-43 -52 0
-43 -53 0
-43 -54 0
-43 -55 0
-43 -56 0
-44 -45 0
-44 -46 0
-44 -47 0
-44 -48 0
-44 -49 0
-44 -50 0
-44 -51 0
-44 -52 0
-44 -53 0
-44 -54 0
-44 -55 0
-44 -56 0
-45 -46 0
-45 -47 0
-45 -48 0
-45 -49 0
-45 -50 0
-45 -51 0
-45 -52 0
-45 -53 0
-45 -54 0
-45 -55 0
-45 -56 0
-46 -47 0
-46 -48 0
-46 -49 0
-46 -50 0
-46 -51 0
-46 -52 0
-46 -53 0
-46 -54 0
-46 -55 0
-46 -56 0
-47 -48 0
-47 -49 0
-47 -50 0
-47 -51 0
-47 -52 0
-47 -53 0
-47 -54 0
-47 -55 0
-47 -56 0
-48 -49 0
-48 -50 0
-48 -51 0
-48 -52 0
-48 -53 0
-48 -54 0
-48 -55 0
-48 -56 0
-49 -50 0
-49 -51 0
-49 -52 0
-49 -53 0
-49 -54 0
-49 -55 0
-49 -56 0
-50 -51 0
-50 -52 0
-50 -53 0
-50 -54 0
-50 -55 0
-50 -56 0
-51 -52 0
-51 -53 0
-51 -54 0
-51 -55 0
-51 -56 0
-52 -53 0
-52 -54 0
-52 -55 0
-52 -56 0
-53 -54 0
-53 -55 0
-53 -56 0
-54 -55 0
-54 -56 0
-55 -56 0
-57 -58 0
-57 -59 0
-57 -60 0
-57 -61 0
-57 -62 0
-57 -63 0
-57 -64 0
-57 -65 0
-58 -59 0
-58 -60 0
-58 -61 0
-58 -62 0
-58 -63 0
-58 -64 0
-58 -65 0
-59 -60 0
-59 -61 0
-59 -62 0
-59 -63 0
-59 -64 0
-59 -65 0
-60 -61 0
-60 -62 0
-60 -63 0
-60 -64 0
-60 -65 0
-61 -62 0
-61 -63 0
-61 -64 0
-61 -65 0
-62 -63 0
-62 -64 0
-62 -65 0
-63 -64 0
-63 -65 0
-64 -65 0
-66 -67 0
-66 -68 0
-66 -69 0
-67 -68 0
-67 -69 0
-68 -69 0
-70 -71 0
-70 -72 0
-70 -73 0
-71 -72 0
-71 -73 0
-72 -73 0
-74 -75 0
-74 -76 0
-74 -77 0
-75 -76 0
-75 -77 0
-76 -77 0
-78 -79 0
-78 -80 0
-78 -81 0
-79 -80 0
-79 -81 0
-80 -81 0
-82 -83 0
-82 -84 0
-82 -85 0
-82 -86 0
-82 -87 0
-82 -88 0
-82 -89 0
-82 -90 0
-83 -84 0
-83 -85 0
-83 -86 0
-83 -87 0
-83 -88 0
-83 -89 0
-83 -90 0
-84 -85 0
-84 -86 0
-84 -87 0
-84 -88 0
-84 -89 0
-84 -90 0
-85 -86 0
-85 -87 0
-85 -88 0
-85 -89 0
-85 -90 0
-86 -87 0
-86 -88 0
-86 -89 0
-86 -90 0
-87 -88 0
-87 -89 0
-87 -90 0
-88 -89 0
-88 -90 0
-89 -90 0
-91 -92 0
-91 -93 0
-91 -94 0
-92 -93 0
-92 -94 0
-93 -94 0
-95 -96 0
-95 -97 0
-95 -98 0
-95 -99 0
-95 -100 0
-95 -101 0
-95 -102 0
-95 -103 0
-96 -97 0
-96 -98 0
-96 -99 0
-96 -100 0
-96 -101 0
-96 -102 0
-96 -103 0
-97 -98 0
-97 -99 0
-97 -100 0
-97 -101 0
-97 -102 0
-97 -103 0
-98 -99 0
-98 -100 0
-98 -101 0
-98 -102 0
-98 -103 0
-99 -100 0
-99 -101 0
-99 -102 0
-99 -103 0
-100 -101 0
-100 -102 0
-100 -103 0
-101 -102 0
-101 -103 0
-102 -103 0
-104 -105 0
-104 -106 0
-104 -107 0
-104 -108 0
-104 -109 0
-104 -110 0
-104 -111 0
-104 -112 0
-105 -106 0
-105 -107 0
-105 -108 0
-105 -109 0
-105 -110 0
-105 -111 0
-105 -112 0
-106 -107 0
-106 -108 0
-106 -109 0
-106 -110 0
-106 -111 0
-106 -112 0
-107 -108 0
-107 -109 0
-107 -110 0
-107 -111 0
-107 -112 0
-108 -109 0
-108 -110 0
-108 -111 0
-108 -112 0
-109 -110 0
-109 -111 0
-109 -112 0
-110 -111 0
-110 -112 0
-111 -112 0
-113 -114 0
-113 -115 0
-113 -116 0
-113 -117 0
-113 -118 0
-113 -119 0
-113 -120 0
-113 -121 0
-114 -115 0
-114 -116 0
-114 -117 0
-114 -118 0
-114 -119 0
-114 -120 0
-114 -121 0
-115 -116 0
-115 -117 0
-115 -118 0
-115 -119 0
-115 -120 0
-115 -121 0
-116 -117 0
-116 -118 0
-116 -119 0
-116 -120 0
-116 -121 0
-117 -118 0
-117 -119 0
-117 -120 0
-117 -121 0
-118 -119 0
-118 -120 0
-118 -121 0
-119 -120 0
-119 -121 0
-120 -121 0
-122 -123 0
-122 -124 0
-122 -125 0
-123 -124 0
-123 -125 0
-124 -125 0
-126 -127 0
-126 -128 0
-126 -129 0
-126 -130 0
-126 -131 0
-126 -132 0
-126 -133 0
-126 -134 0
-127 -128 0
-127 -129 0
-127 -130 0
-127 -131 0
-127 -132 0
-127 -133 0
-127 -134 0
-128 -129 0
-128 -130 0
-128 -131 0
-128 -132 0
-128 -133 0
-128 -134 0
-129 -130 0
-129 -131 0
-129 -132 0
-129 -133 0
-129 -134 0
-130 -131 0
-130 -132 0
-130 -133 0
-130 -134 0
-131 -132 0
-131 -133 0
-131 -134 0
-132 -133 0
-132 -134 0
-133 -134 0
-135 -136 0
-135 -137 0
-135 -138 0
-136 -137 0
-136 -138 0
-137 -138 0
-139 -140 0
-139 -141 0
-139 -142 0
-140 -141 0
-140 -142 0
-141 -142 0
-143 -144 0
-143 -145 0
-143 -146 0
-144 -145 0
-144 -146 0
-145 -146 0
-147 -148 0
-147 -149 0
-147 -150 0
-147 -151 0
-147 -152 0
-147 -153 0
-147 -154 0
-147 -155 0
-148 -149 0
-148 -150 0
-148 -151 0
-148 -152 0
-148 -153 0
-148 -154 0
-148 -155 0
-149 -150 0
-149 -151 0
-149 -152 0
-149 -153 0
-149 -154 0
-149 -155 0
-150 -151 0
-150 -152 0
-150 -153 0
-150 -154 0
-150 -155 0
-151 -152 0
-151 -153 0
-151 -154 0
-151 -155 0
-152 -153 0
-152 -154 0
-152 -155 0
-153 -154 0
-153 -155 0
-154 -155 0
-156 -157 0
-156 -158 0
-156 -159 0
-157 -158 0
-157 -159 0
-158 -159 0
-160 -161 0
-160 -162 0
-160 -163 0
-160 -164 0
-160 -165 0
-160 -166 0
-160 -167 0
-160 -168 0
-161 -162 0
-161 -163 0
-161 -164 0
-161 -165 0
-161 -166 0
-161 -167 0
-161 -168 0
-162 -163 0
-162 -164 0
-162 -165 0
-162 -166 0
-162 -167 0
-162 -168 0
-163 -164 0
-163 -165 0
-163 -166 0
-163 -167 0
-163 -168 0
-164 -165 0
-164 -166 0
-164 -167 0
-164 -168 0
-165 -166 0
-165 -167 0
-165 -168 0
-166 -167 0
-166 -168 0
-167 -168 0
-169 -170 0
-169 -171 0
-169 -172 0
-170 -171 0
-170 -172 0
-171 -172 0
-25 1 0
-26 1 0
-27 1 0
-28 1 0
-29 2 0
-30 2 0
-31 2 0
-32 2 0
-33 3 0
-34 3 0
-35 3 0
-36 3 0
-37 4 0
-38 4 0
-39 4 0
-40 4 0
-41 5 0
-42 5 0
-43 5 0
-44 5 0
-45 5 0
-46 5 0
-47 5 0
-48 5 0
-49 5 0
-50 5 0
-51 5 0
-52 5 0
-53 5 0
-54 5 0
-55 5 0
-56 5 0
-57 6 0
-58 6 0
-59 6 0
-60 6 0
-61 6 0
-62 6 0
-63 6 0
-64 6 0
-65 6 0
-66 7 0
-67 7 0
-68 7 0
-69 7 0
-70 8 0
-71 8 0
-72 8 0
-73 8 0
-74 9 0
-75 9 0
-76 9 0
-77 9 0
-78 10 0
-79 10 0
-80 10 0
-81 10 0
-82 11 0
-83 11 0
-84 11 0
-85 11 0
-86 11 0
-87 11 0
-88 11 0
-89 11 0
-90 11 0
-91 12 0
-92 12 0
-93 12 0
-94 12 0
-95 13 0
-96 13 0
-97 13 0
-98 13 0
-99 13 0
-100 13 0
-101 13 0
-102 13 0
-103 13 0
-104 14 0
-105 14 0
-106 14 0
-107 14 0
-108 14 0
-109 14 0
-110 14 0
-111 14 0
-112 14 0
-113 15 0
-114 15 0
-115 15 0
-116 15 0
-117 15 0
-118 15 0
-119 15 0
-120 15 0
-121 15 0
-122 16 0
-123 16 0
-124 16 0
-125 16 0
-126 17 0
-127 17 0
-128 17 0
-129 17 0
-130 17 0
-131 17 0
-132 17 0
-133 17 0
-134 17 0
-135 18 0
-136 18 0
-137 18 0
-138 18 0
-139 19 0
-140 19 0
-141 19 0
-142 19 0
-143 20 0
-144 20 0
-145 20 0
-146 20 0
-147 21 0
-148 21 0
-149 21 0
-150 21 0
-151 21 0
-152 21 0
-153 21 0
-154 21 0
-155 21 0
-156 22 0
-157 22 0
-158 22 0
-159 22 0
-160 23 0
-161 23 0
-162 23 0
-163 23 0
-164 23 0
-165 23 0
-166 23 0
-167 23 0
-168 23 0
-169 24 0
-170 24 0
-171 24 0
-172 24 0
173 174 175 176 177 178 179 180 181 182 183 184 185 186 187 188 189 190 191 25 26 192 193 194 195 196 197 198 199 200 201 202 203 204 205 206 207 208 209 210 211 212 213 214 215 216 217 218 219 220 221 222 29 30 223 224 225 226 227 27 28 228 229 230 231 232 233 234 235 236 237 238 239 240 241 242 243 244 245 246 247 25 27 248 249 250 251 252 253 254 255 74 76 256 257 113 116 119 258 259 260 261 262 263 264 265 147 150 153 266 267 268 269 270 271 26 28 272 273 274 33 35 275 276 277 75 77 278 279 114 117 120 280 281 282 139 141 283 284 285 148 151 154 286 287 288 169 171 0
211 212 213 214 215 216 217 218 219 220 221 222 29 30 223 224 225 226 227 27 28 228 229 230 231 232 233 234 235 236 237 238 239 240 241 242 243 244 245 246 289 290 291 292 293 294 295 296 297 298 299 300 31 32 301 302 303 304 305 248 272 306 307 308 309 310 311 312 313 314 315 316 317 318 319 320 321 322 323 324 325 185 29 31 326 327 328 37 39 329 330 70 72 331 332 105 108 111 333 334 335 336 143 145 337 338 339 157 159 340 161 164 167 341 342 186 30 32 343 344 345 38 40 346 347 71 73 348 349 106 109 112 350 351 352 353 144 146 354 355 356 357 358 359 162 165 168 360 0
361 362 363 364 365 366 367 368 369 370 371 372 328 345 373 374 375 376 377 251 33 34 378 379 380 381 382 383 384 385 386 387 388 389 390 391 392 393 394 395 396 397 398 399 400 401 402 403 404 405 406 407 37 38 408 409 410 411 412 252 35 36 413 414 415 416 417 418 419 420 421 422 423 424 425 426 427 428 429 430 271 26 28 272 273 274 33 35 275 276 277 75 77 278 279 114 117 120 280 281 282 139 141 283 284 285 148 151 154 286 287 288 169 171 431 192 228 306 432 433 34 36 434 435 436 437 438 439 440 115 118 121 441 442 443 140 142 444 445 446 149 152 155 447 448 449 170 172 0
396 397 398 399 400 401 402 403 404 405 406 407 37 38 408 409 410 411 412 252 35 36 413 414 415 416 417 418 419 420 421 422 423 424 425 426 427 428 429 430 450 451 452 453 454 455 456 457 458 459 460 461 39 40 462 463 464 465 466 253 275 434 467 468 469 470 471 472 473 474 475 476 477 478 479 480 481 482 483 484 325 185 29 31 326 327 328 37 39 329 330 70 72 331 332 105 108 111 333 334 335 336 143 145 337 338 339 157 159 340 161 164 167 341 342 186 30 32 343 344 345 38 40 346 347 71 73 348 349 106 109 112 350 351 352 353 144 146 354 355 356 357 358 359 162 165 168 360 0
485 486 487 488 489 490 491 492 493 494 495 496 329 346 497 498 499 500 501 254 276 435 502 503 504 505 506 507 508 41 42 43 44 509 510 511 512 513 514 515 516 517 518 519 520 521 57 58 59 522 523 524 330 347 525 526 527 528 529 255 277 436 530 531 532 533 534 535 536 45 46 47 48 537 538 539 540 541 542 543 544 545 66 67 546 547 60 61 62 548 549 550 70 71 551 552 553 554 555 74 75 437 556 557 78 79 558 559 560 49 50 51 52 561 562 563 82 83 84 564 565 566 68 69 567 568 63 64 65 569 570 571 72 73 572 573 574 575 576 76 77 438 577 578 80 81 579 580 581 53 54 55 56 582 583 584 85 86 87 585 586 200 236 314 587 588 385 420 474 41 45 49 53 589 590 591 592 593 594 595 596 597 598 599 600 601 602 603 604 605 606 607 608 609 610 201 237 315 611 612 386 421 475 42 46 50 54 613 614 615 616 617 618 619 620 621 622 623 624 625 626 627 628 629 630 631 632 633 634 202 238 316 635 636 387 422 476 43 47 51 55 637 638 126 129 132 639 640 641 642 643 644 645 646 647 648 649 650 651 652 653 654 655 203 239 317 656 657 388 423 477 44 48 52 56 658 659 127 130 133 660 661 662 663 664 665 666 667 668 669 670 671 672 673 674 675 0
516 517 518 519 520 521 57 58 59 522 523 524 330 347 525 526 527 528 529 255 277 436 530 531 532 533 534 535 536 45 46 47 48 537 538 539 540 541 542 543 544 545 66 67 546 547 60 61 62 548 549 550 70 71 551 552 553 554 555 74 75 437 556 557 78 79 558 559 560 49 50 51 52 561 562 563 82 83 84 564 565 566 68 69 567 568 63 64 65 569 570 571 72 73 572 573 574 575 576 76 77 438 577 578 80 81 579 580 581 53 54 55 56 582 583 584 85 86 87 585 676 179 217 295 677 678 367 402 456 491 57 60 63 679 680 96 99 102 681 682 683 684 685 686 687 688 689 690 691 692 693 694 695 696 697 180 218 296 698 699 368 403 457 492 58 61 64 700 701 97 100 103 702 703 704 705 706 707 708 709 710 711 712 713 714 715 716 717 718 181 219 297 719 720 369 404 458 493 59 62 65 721 722 723 724 725 726 727 728 729 730 731 732 733 734 735 736 737 738 739 740 741 0
544 545 66 67 546 547 60 61 62 548 549 550 70 71 551 552 553 554 555 74 75 437 556 557 78 79 558 559 560 49 50 51 52 561 562 563 82 83 84 564 565 566 68 69 567 568 63 64 65 569 570 571 72 73 572 573 574 575 576 76 77 438 577 578 80 81 579 580 581 53 54 55 56 582 583 584 85 86 87 585 742 175 213 291 743 744 363 398 452 487 518 66 68 745 746 92 94 747 748 749 750 751 752 753 754 755 756 757 758 759 760 761 762 763 764 176 214 292 765 766 364 399 453 488 519 67 69 767 768 769 770 771 772 773 774 775 776 777 778 779 780 781 782 783 784 785 786 787 0
544 545 66 67 546 547 60 61 62 548 549 550 70 71 551 552 553 554 555 74 75 437 556 557 78 79 558 559 560 49 50 51 52 561 562 563 82 83 84 564 565 566 68 69 567 568 63 64 65 569 570 571 72 73 572 573 574 575 576 76 77 438 577 578 80 81 579 580 581 53 54 55 56 582 583 584 85 86 87 585 325 185 29 31 326 327 328 37 39 329 330 70 72 331 332 105 108 111 333 334 335 336 143 145 337 338 339 157 159 340 161 164 167 341 342 186 30 32 343 344 345 38 40 346 347 71 73 348 349 106 109 112 350 351 352 353 144 146 354 355 356 357 358 359 162 165 168 360 0
544 545 66 67 546 547 60 61 62 548 549 550 70 71 551 552 553 554 555 74 75 437 556 557 78 79 558 559 560 49 50 51 52 561 562 563 82 83 84 564 565 566 68 69 567 568 63 64 65 569 570 571 72 73 572 573 574 575 576 76 77 438 577 578 80 81 579 580 581 53 54 55 56 582 583 584 85 86 87 585 247 25 27 248 249 250 251 252 253 254 255 74 76 256 257 113 116 119 258 259 260 261 262 263 264 265 147 150 153 266 267 268 269 270 271 26 28 272 273 274 33 35 275 276 277 75 77 278 279 114 117 120 280 281 282 139 141 283 284 285 148 151 154 286 287 288 169 171 0
544 545 66 67 546 547 60 61 62 548 549 550 70 71 551 552 553 554 555 74 75 437 556 557 78 79 558 559 560 49 50 51 52 561 562 563 82 83 84 564 565 566 68 69 567 568 63 64 65 569 570 571 72 73 572 573 574 575 576 76 77 438 577 578 80 81 579 580 581 53 54 55 56 582 583 584 85 86 87 585 788 195 231 309 789 790 380 415 469 504 532 78 80 791 792 793 794 795 796 797 798 799 800 801 802 803 804 805 806 807 808 809 810 811 812 196 232 310 813 814 381 416 470 505 533 79 81 815 816 122 124 817 818 819 820 821 822 823 824 825 826 827 828 829 830 831 832 833 0
544 545 66 67 546 547 60 61 62 548 549 550 70 71 551 552 553 554 555 74 75 437 556 557 78 79 558 559 560 49 50 51 52 561 562 563 82 83 84 564 565 566 68 69 567 568 63 64 65 569 570 571 72 73 572 573 574 575 576 76 77 438 577 578 80 81 579 580 581 53 54 55 56 582 583 584 85 86 87 585 834 835 745 767 836 837 679 700 721 838 839 840 331 348 841 842 843 844 845 256 278 439 846 847 791 815 848 849 850 589 613 637 658 851 852 853 88 89 90 854 855 207 243 321 856 857 392 427 481 512 540 82 85 88 858 859 860 861 862 863 864 865 866 867 868 869 870 871 872 873 874 875 876 877 878 208 244 322 879 880 393 428 482 513 541 83 86 89 881 882 135 137 883 884 885 886 887 888 889 890 891 892 893 894 895 896 897 898 899 209 245 323 900 901 394 429 483 514 542 84 87 90 902 903 136 138 904 905 906 907 908 909 910 911 912 913 914 915 916 917 918 919 0
920 91 92 769 921 95 96 97 723 922 923 104 105 106 924 925 926 927 928 113 114 115 929 930 793 122 123 931 932 591 615 126 127 128 933 934 859 882 903 935 936 93 94 770 937 98 99 100 724 938 939 107 108 109 940 941 942 943 944 116 117 118 945 946 794 124 125 947 948 592 616 129 130 131 949 950 860 135 136 951 952 174 212 290 953 954 362 397 451 486 517 545 566 835 955 91 93 956 957 958 959 960 961 962 963 964 965 966 967 968 969 970 971 972 742 175 213 291 743 744 363 398 452 487 518 66 68 745 746 92 94 747 748 749 750 751 752 753 754 755 756 757 758 759 760 761 762 763 0
920 91 92 769 921 95 96 97 723 922 923 104 105 106 924 925 926 927 928 113 114 115 929 930 793 122 123 931 932 591 615 126 127 128 933 934 859 882 903 935 936 93 94 770 937 98 99 100 724 938 939 107 108 109 940 941 942 943 944 116 117 118 945 946 794 124 125 947 948 592 616 129 130 131 949 950 860 135 136 951 973 956 747 771 974 101 102 103 725 975 976 110 111 112 977 978 979 980 981 119 120 121 982 983 795 817 984 985 986 593 617 132 133 134 987 988 861 137 138 989 990 178 216 294 991 992 366 401 455 490 521 547 568 837 993 95 98 101 994 995 996 997 998 999 1000 1001 1002 1003 1004 1005 1006 1007 1008 1009 676 179 217 295 677 678 367 402 456 491 57 60 63 679 680 96 99 102 681 682 683 684 685 686 687 688 689 690 691 692 693 694 695 696 697 180 218 296 698 699 368 403 457 492 58 61 64 700 701 97 100 103 702 703 704 705 706 707 708 709 710 711 712 713 714 715 716 717 0
920 91 92 769 921 95 96 97 723 922 923 104 105 106 924 925 926 927 928 113 114 115 929 930 793 122 123 931 932 591 615 126 127 128 933 934 859 882 903 935 936 93 94 770 937 98 99 100 724 938 939 107 108 109 940 941 942 943 944 116 117 118 945 946 794 124 125 947 948 592 616 129 130 131 949 950 860 135 136 951 973 956 747 771 974 101 102 103 725 975 976 110 111 112 977 978 979 980 981 119 120 121 982 983 795 817 984 985 986 593 617 132 133 134 987 988 861 137 138 989 1010 184 222 300 1011 1012 372 407 461 496 524 550 571 840 1013 104 107 110 1014 1015 1016 1017 1018 1019 1020 1021 1022 156 158 1023 160 163 166 1024 325 185 29 31 326 327 328 37 39 329 330 70 72 331 332 105 108 111 333 334 335 336 143 145 337 338 339 157 159 340 161 164 167 341 342 186 30 32 343 344 345 38 40 346 347 71 73 348 349 106 109 112 350 351 352 353 144 146 354 355 356 357 358 359 162 165 168 360 0
920 91 92 769 921 95 96 97 723 922 923 104 105 106 924 925 926 927 928 113 114 115 929 930 793 122 123 931 932 591 615 126 127 128 933 934 859 882 903 935 936 93 94 770 937 98 99 100 724 938 939 107 108 109 940 941 942 943 944 116 117 118 945 946 794 124 125 947 948 592 616 129 130 131 949 950 860 135 136 951 973 956 747 771 974 101 102 103 725 975 976 110 111 112 977 978 979 980 981 119 120 121 982 983 795 817 984 985 986 593 617 132 133 134 987 988 861 137 138 989 247 25 27 248 249 250 251 252 253 254 255 74 76 256 257 113 116 119 258 259 260 261 262 263 264 265 147 150 153 266 267 268 269 270 271 26 28 272 273 274 33 35 275 276 277 75 77 278 279 114 117 120 280 281 282 139 141 283 284 285 148 151 154 286 287 288 169 171 431 192 228 306 432 433 34 36 434 435 436 437 438 439 440 115 118 121 441 442 443 140 142 444 445 446 149 152 155 447 448 449 170 172 0
920 91 92 769 921 95 96 97 723 922 923 104 105 106 924 925 926 927 928 113 114 115 929 930 793 122 123 931 932 591 615 126 127 128 933 934 859 882 903 935 936 93 94 770 937 98 99 100 724 938 939 107 108 109 940 941 942 943 944 116 117 118 945 946 794 124 125 947 948 592 616 129 130 131 949 950 860 135 136 951 812 196 232 310 813 814 381 416 470 505 533 79 81 815 816 122 124 817 818 819 820 821 822 823 824 825 826 827 828 829 830 831 832 833 1025 197 233 311 1026 1027 382 417 471 506 534 558 579 848 1028 123 125 984 1029 1030 1031 1032 1033 1034 1035 1036 1037 1038 1039 1040 1041 1042 1043 1044 0
920 91 92 769 921 95 96 97 723 922 923 104 105 106 924 925 926 927 928 113 114 115 929 930 793 122 123 931 932 591 615 126 127 128 933 934 859 882 903 935 936 93 94 770 937 98 99 100 724 938 939 107 108 109 940 941 942 943 944 116 117 118 945 946 794 124 125 947 948 592 616 129 130 131 949 950 860 135 136 951 973 956 747 771 974 101 102 103 725 975 976 110 111 112 977 978 979 980 981 119 120 121 982 983 795 817 984 985 986 593 617 132 133 134 987 988 861 137 138 989 634 202 238 316 635 636 387 422 476 43 47 51 55 637 638 126 129 132 639 640 641 642 643 644 645 646 647 648 649 650 651 652 653 654 655 203 239 317 656 657 388 423 477 44 48 52 56 658 659 127 130 133 660 661 662 663 664 665 666 667 668 669 670 671 672 673 674 675 1045 204 240 318 1046 1047 389 424 478 509 537 561 582 851 1048 128 131 134 1049 1050 1051 1052 1053 1054 1055 1056 1057 1058 1059 1060 1061 1062 1063 1064 0
936 93 94 770 937 98 99 100 724 938 939 107 108 109 940 941 942 943 944 116 117 118 945 946 794 124 125 947 948 592 616 129 130 131 949 950 860 135 136 951 973 956 747 771 974 101 102 103 725 975 976 110 111 112 977 978 979 980 981 119 120 121 982 983 795 817 984 985 986 593 617 132 133 134 987 988 861 137 138 989 878 208 244 322 879 880 393 428 482 513 541 83 86 89 881 882 135 137 883 884 885 886 887 888 889 890 891 892 893 894 895 896 897 898 899 209 245 323 900 901 394 429 483 514 542 84 87 90 902 903 136 138 904 905 906 907 908 909 910 911 912 913 914 915 916 917 918 919 0
1065 960 751 775 1066 997 684 705 729 1067 1068 1017 336 353 1069 1070 1071 1072 1073 261 139 140 1074 1075 799 821 1032 1076 1077 597 621 642 663 1052 1078 1079 865 886 907 1080 1081 961 752 776 1082 998 685 706 730 1083 1084 1018 143 144 1085 1086 1087 1088 1089 262 141 142 1090 1091 800 822 1033 1092 1093 598 622 643 664 1053 1094 1095 866 887 908 1096 271 26 28 272 273 274 33 35 275 276 277 75 77 278 279 114 117 120 280 281 282 139 141 283 284 285 148 151 154 286 287 288 169 171 431 192 228 306 432 433 34 36 434 435 436 437 438 439 440 115 118 121 441 442 443 140 142 444 445 446 149 152 155 447 448 449 170 172 0
1081 961 752 776 1082 998 685 706 730 1083 1084 1018 143 144 1085 1086 1087 1088 1089 262 141 142 1090 1091 800 822 1033 1092 1093 598 622 643 664 1053 1094 1095 866 887 908 1096 1097 962 753 777 1098 999 686 707 731 1099 1100 1019 145 146 1101 1102 1103 1104 1105 263 283 444 1106 1107 801 823 1034 1108 1109 599 623 644 665 1054 1110 1111 867 888 909 1112 325 185 29 31 326 327 328 37 39 329 330 70 72 331 332 105 108 111 333 334 335 336 143 145 337 338 339 157 159 340 161 164 167 341 342 186 30 32 343 344 345 38 40 346 347 71 73 348 349 106 109 112 350 351 352 353 144 146 354 355 356 357 358 359 162 165 168 360 0
1113 965 756 780 1114 1002 689 710 734 1115 1116 1022 339 356 1117 1118 1119 1120 1121 147 148 149 1122 1123 804 826 1037 1124 1125 602 626 647 668 1057 1126 1127 870 891 912 1128 1129 966 757 781 1130 1003 690 711 735 1131 1132 156 157 357 1133 1134 1135 1136 1137 150 151 152 1138 1139 805 827 1038 1140 1141 603 627 648 669 1058 1142 1143 871 892 913 1144 1145 967 758 782 1146 1004 691 712 736 1147 1148 158 159 358 1149 1150 1151 1152 1153 153 154 155 1154 1155 806 828 1039 1156 1157 604 628 649 670 1059 1158 1159 872 893 914 1160 247 25 27 248 249 250 251 252 253 254 255 74 76 256 257 113 116 119 258 259 260 261 262 263 264 265 147 150 153 266 267 268 269 270 271 26 28 272 273 274 33 35 275 276 277 75 77 278 279 114 117 120 280 281 282 139 141 283 284 285 148 151 154 286 287 288 169 171 431 192 228 306 432 433 34 36 434 435 436 437 438 439 440 115 118 121 441 442 443 140 142 444 445 446 149 152 155 447 448 449 170 172 0
1129 966 757 781 1130 1003 690 711 735 1131 1132 156 157 357 1133 1134 1135 1136 1137 150 151 152 1138 1139 805 827 1038 1140 1141 603 627 648 669 1058 1142 1143 871 892 913 1144 1145 967 758 782 1146 1004 691 712 736 1147 1148 158 159 358 1149 1150 1151 1152 1153 153 154 155 1154 1155 806 828 1039 1156 1157 604 628 649 670 1059 1158 1159 872 893 914 1160 1010 184 222 300 1011 1012 372 407 461 496 524 550 571 840 1013 104 107 110 1014 1015 1016 1017 1018 1019 1020 1021 1022 156 158 1023 160 163 166 1024 325 185 29 31 326 327 328 37 39 329 330 70 72 331 332 105 108 111 333 334 335 336 143 145 337 338 339 157 159 340 161 164 167 341 0
1161 969 760 784 1162 1006 693 714 738 1163 1164 160 161 162 1165 1166 1167 1168 1169 267 287 448 1170 1171 808 830 1041 1172 1173 606 630 651 672 1061 1174 1175 874 895 916 1176 1177 970 761 785 1178 1007 694 715 739 1179 1180 163 164 165 1181 1182 1183 1184 1185 268 288 449 1186 1187 809 831 1042 1188 1189 607 631 652 673 1062 1190 1191 875 896 917 1192 1193 971 762 786 1194 1008 695 716 740 1195 1196 166 167 168 1197 1198 1199 1200 1201 269 169 170 1202 1203 810 832 1043 1204 1205 608 632 653 674 1063 1206 1207 876 897 918 1208 1010 184 222 300 1011 1012 372 407 461 496 524 550 571 840 1013 104 107 110 1014 1015 1016 1017 1018 1019 1020 1021 1022 156 158 1023 160 163 166 1024 325 185 29 31 326 327 328 37 39 329 330 70 72 331 332 105 108 111 333 334 335 336 143 145 337 338 339 157 159 340 161 164 167 341 342 186 30 32 343 344 345 38 40 346 347 71 73 348 349 106 109 112 350 351 352 353 144 146 354 355 356 357 358 359 162 165 168 360 0
1193 971 762 786 1194 1008 695 716 740 1195 1196 166 167 168 1197 1198 1199 1200 1201 269 169 170 1202 1203 810 832 1043 1204 1205 608 632 653 674 1063 1206 1207 876 897 918 1208 1209 972 763 787 1210 1009 696 717 741 1211 1212 1024 341 360 1213 1214 1215 1216 1217 270 171 172 1218 1219 811 833 1044 1220 1221 609 633 654 675 1064 1222 1223 877 898 919 1224 271 26 28 272 273 274 33 35 275 276 277 75 77 278 279 114 117 120 280 281 282 139 141 283 284 285 148 151 154 286 287 288 169 171 431 192 228 306 432 433 34 36 434 435 436 437 438 439 440 115 118 121 441 442 443 140 142 444 445 446 149 152 155 447 448 449 170 172 0
-1225 0
-952 0
-742 0
-764 0
-1226 0
-990 0
-676 0
-697 0
-718 0
-1227 0
-1228 0
-1010 0
-325 0
-342 0
-1229 0
-1230 0
-1231 0
-1232 0
-1233 0
-247 0
-271 0
-431 0
-1234 0
-1235 0
-788 0
-812 0
-1025 0
-1236 0
-1237 0
-586 0
-610 0
-634 0
-655 0
-1045 0
-1238 0
-1239 0
-855 0
-878 0
-899 0
-1240 0
-173 0
-174 0
-175 0
-176 0
-177 0
-178 0
-179 0
-180 0
-181 0
-182 0
-183 0
-184 0
-185 0
-186 0
-187 0
-188 0
-189 0
-190 0
-191 0
-192 0
-193 0
-194 0
-195 0
-196 0
-197 0
-198 0
-199 0
-200 0
-201 0
-202 0
-203 0
-204 0
-205 0
-206 0
-207 0
-208 0
-209 0
-210 0
-211 0
-212 0
-213 0
-214 0
-215 0
-216 0
-217 0
-218 0
-219 0
-220 0
-221 0
-222 0
-223 0
-224 0
-225 0
-226 0
-227 0
-228 0
-229 0
-230 0
-231 0
-232 0
-233 0
-234 0
-235 0
-236 0
-237 0
-238 0
-239 0
-240 0
-241 0
-242 0
-243 0
-244 0
-245 0
-246 0
-289 0
-290 0
-291 0
-292 0
-293 0
-294 0
-295 0
-296 0
-297 0
-298 0
-299 0
-300 0
-301 0
-302 0
-303 0
-304 0
-305 0
-248 0
-272 0
-306 0
-307 0
-308 0
-309 0
-310 0
-311 0
-312 0
-313 0
-314 0
-315 0
-316 0
-317 0
-318 0
-319 0
-320 0
-321 0
-322 0
-323 0
-324 0
-1241 0
-953 0
-743 0
-765 0
-1242 0
-991 0
-677 0
-698 0
-719 0
-1243 0
-1244 0
-1011 0
-326 0
-343 0
-1245 0
-1246 0
-1247 0
-1248 0
-1249 0
-249 0
-273 0
-432 0
-1250 0
-1251 0
-789 0
-813 0
-1026 0
-1252 0
-1253 0
-587 0
-611 0
-635 0
-656 0
-1046 0
-1254 0
-1255 0
-856 0
-879 0
-900 0
-1256 0
-1257 0
-954 0
-744 0
-766 0
-1258 0
-992 0
-678 0
-699 0
-720 0
-1259 0
-1260 0
-1012 0
-327 0
-344 0
-1261 0
-1262 0
-1263 0
-1264 0
-1265 0
-250 0
-274 0
-433 0
-1266 0
-1267 0
-790 0
-814 0
-1027 0
-1268 0
-1269 0
-588 0
-612 0
-636 0
-657 0
-1047 0
-1270 0
-1271 0
-857 0
-880 0
-901 0
-1272 0
-361 0
-362 0
-363 0
-364 0
-365 0
-366 0
-367 0
-368 0
-369 0
-370 0
-371 0
-372 0
-328 0
-345 0
-373 0
-374 0
-375 0
-376 0
-377 0
-251 0
-378 0
-379 0
-380 0
-381 0
-382 0
-383 0
-384 0
-385 0
-386 0
-387 0
-388 0
-389 0
-390 0
-391 0
-392 0
-393 0
-394 0
-395 0
-396 0
-397 0
-398 0
-399 0
-400 0
-401 0
-402 0
-403 0
-404 0
-405 0
-406 0
-407 0
-408 0
-409 0
-410 0
-411 0
-412 0
-252 0
-413 0
-414 0
-415 0
-416 0
-417 0
-418 0
-419 0
-420 0
-421 0
-422 0
-423 0
-424 0
-425 0
-426 0
-427 0
-428 0
-429 0
-430 0
-450 0
-451 0
-452 0
-453 0
-454 0
-455 0
-456 0
-457 0
-458 0
-459 0
-460 0
-461 0
-462 0
-463 0
-464 0
-465 0
-466 0
-253 0
-275 0
-434 0
-467 0
-468 0
-469 0
-470 0
-471 0
-472 0
-473 0
-474 0
-475 0
-476 0
-477 0
-478 0
-479 0
-480 0
-481 0
-482 0
-483 0
-484 0
-485 0
-486 0
-487 0
-488 0
-489 0
-490 0
-491 0
-492 0
-493 0
-494 0
-495 0
-496 0
-329 0
-346 0
-497 0
-498 0
-499 0
-500 0
-501 0
-254 0
-276 0
-435 0
-502 0
-503 0
-504 0
-505 0
-506 0
-507 0
-508 0
-509 0
-510 0
-511 0
-512 0
-513 0
-514 0
-515 0
-516 0
-517 0
-518 0
-519 0
-520 0
-521 0
-522 0
-523 0
-524 0
-330 0
-347 0
-525 0
-526 0
-527 0
-528 0
-529 0
-255 0
-277 0
-436 0
-530 0
-531 0
-532 0
-533 0
-534 0
-535 0
-536 0
-537 0
-538 0
-539 0
-540 0
-541 0
-542 0
-543 0
-544 0
-545 0
-546 0
-547 0
-548 0
-549 0
-550 0
-551 0
-552 0
-553 0
-554 0
-555 0
-437 0
-556 0
-557 0
-558 0
-559 0
-560 0
-561 0
-562 0
-563 0
-564 0
-565 0
-566 0
-567 0
-568 0
-569 0
-570 0
-571 0
-572 0
-573 0
-574 0
-575 0
-576 0
-438 0
-577 0
-578 0
-579 0
-580 0
-581 0
-582 0
-583 0
-584 0
-585 0
-834 0
-835 0
-745 0
-767 0
-836 0
-837 0
-679 0
-700 0
-721 0
-838 0
-839 0
-840 0
-331 0
-348 0
-841 0
-842 0
-843 0
-844 0
-845 0
-256 0
-278 0
-439 0
-846 0
-847 0
-791 0
-815 0
-848 0
-849 0
-850 0
-589 0
-613 0
-637 0
-658 0
-851 0
-852 0
-853 0
-854 0
-1273 0
-955 0
-746 0
-768 0
-1274 0
-993 0
-680 0
-701 0
-722 0
-1275 0
-1276 0
-1013 0
-332 0
-349 0
-1277 0
-1278 0
-1279 0
-1280 0
-1281 0
-257 0
-279 0
-440 0
-1282 0
-1283 0
-792 0
-816 0
-1028 0
-1284 0
-1285 0
-590 0
-614 0
-638 0
-659 0
-1048 0
-1286 0
-1287 0
-858 0
-881 0
-902 0
-1288 0
-920 0
-769 0
-921 0
-723 0
-922 0
-923 0
-924 0
-925 0
-926 0
-927 0
-928 0
-929 0
-930 0
-793 0
-931 0
-932 0
-591 0
-615 0
-933 0
-934 0
-859 0
-882 0
-903 0
-935 0
-936 0
-770 0
-937 0
-724 0
-938 0
-939 0
-940 0
-941 0
-942 0
-943 0
-944 0
-945 0
-946 0
-794 0
-947 0
-948 0
-592 0
-616 0
-949 0
-950 0
-860 0
-951 0
-973 0
-956 0
-747 0
-771 0
-974 0
-725 0
-975 0
-976 0
-977 0
-978 0
-979 0
-980 0
-981 0
-982 0
-983 0
-795 0
-817 0
-984 0
-985 0
-986 0
-593 0
-617 0
-987 0
-988 0
-861 0
-989 0
-1289 0
-957 0
-748 0
-772 0
-1290 0
-994 0
-681 0
-702 0
-726 0
-1291 0
-1292 0
-1014 0
-333 0
-350 0
-1293 0
-1294 0
-1295 0
-1296 0
-1297 0
-258 0
-280 0
-441 0
-1298 0
-1299 0
-796 0
-818 0
-1029 0
-1300 0
-1301 0
-594 0
-618 0
-639 0
-660 0
-1049 0
-1302 0
-1303 0
-862 0
-883 0
-904 0
-1304 0
-1305 0
-958 0
-749 0
-773 0
-1306 0
-995 0
-682 0
-703 0
-727 0
-1307 0
-1308 0
-1015 0
-334 0
-351 0
-1309 0
-1310 0
-1311 0
-1312 0
-1313 0
-259 0
-281 0
-442 0
-1314 0
-1315 0
-797 0
-819 0
-1030 0
-1316 0
-1317 0
-595 0
-619 0
-640 0
-661 0
-1050 0
-1318 0
-1319 0
-863 0
-884 0
-905 0
-1320 0
-1321 0
-959 0
-750 0
-774 0
-1322 0
-996 0
-683 0
-704 0
-728 0
-1323 0
-1324 0
-1016 0
-335 0
-352 0
-1325 0
-1326 0
-1327 0
-1328 0
-1329 0
-260 0
-282 0
-443 0
-1330 0
-1331 0
-798 0
-820 0
-1031 0
-1332 0
-1333 0
-596 0
-620 0
-641 0
-662 0
-1051 0
-1334 0
-1335 0
-864 0
-885 0
-906 0
-1336 0
-1065 0
-960 0
-751 0
-775 0
-1066 0
-997 0
-684 0
-705 0
-729 0
-1067 0
-1068 0
-1017 0
-336 0
-353 0
-1069 0
-1070 0
-1071 0
-1072 0
-1073 0
-261 0
-1074 0
-1075 0
-799 0
-821 0
-1032 0
-1076 0
-1077 0
-597 0
-621 0
-642 0
-663 0
-1052 0
-1078 0
-1079 0
-865 0
-886 0
-907 0
-1080 0
-1081 0
-961 0
-752 0
-776 0
-1082 0
-998 0
-685 0
-706 0
-730 0
-1083 0
-1084 0
-1018 0
-1085 0
-1086 0
-1087 0
-1088 0
-1089 0
-262 0
-1090 0
-1091 0
-800 0
-822 0
-1033 0
-1092 0
-1093 0
-598 0
-622 0
-643 0
-664 0
-1053 0
-1094 0
-1095 0
-866 0
-887 0
-908 0
-1096 0
-1097 0
-962 0
-753 0
-777 0
-1098 0
-999 0
-686 0
-707 0
-731 0
-1099 0
-1100 0
-1019 0
-1101 0
-1102 0
-1103 0
-1104 0
-1105 0
-263 0
-283 0
-444 0
-1106 0
-1107 0
-801 0
-823 0
-1034 0
-1108 0
-1109 0
-599 0
-623 0
-644 0
-665 0
-1054 0
-1110 0
-1111 0
-867 0
-888 0
-909 0
-1112 0
-1337 0
-963 0
-754 0
-778 0
-1338 0
-1000 0
-687 0
-708 0
-732 0
-1339 0
-1340 0
-1020 0
-337 0
-354 0
-1341 0
-1342 0
-1343 0
-1344 0
-1345 0
-264 0
-284 0
-445 0
-1346 0
-1347 0
-802 0
-824 0
-1035 0
-1348 0
-1349 0
-600 0
-624 0
-645 0
-666 0
-1055 0
-1350 0
-1351 0
-868 0
-889 0
-910 0
-1352 0
-1353 0
-964 0
-755 0
-779 0
-1354 0
-1001 0
-688 0
-709 0
-733 0
-1355 0
-1356 0
-1021 0
-338 0
-355 0
-1357 0
-1358 0
-1359 0
-1360 0
-1361 0
-265 0
-285 0
-446 0
-1362 0
-1363 0
-803 0
-825 0
-1036 0
-1364 0
-1365 0
-601 0
-625 0
-646 0
-667 0
-1056 0
-1366 0
-1367 0
-869 0
-890 0
-911 0
-1368 0
-1113 0
-965 0
-756 0
-780 0
-1114 0
-1002 0
-689 0
-710 0
-734 0
-1115 0
-1116 0
-1022 0
-339 0
-356 0
-1117 0
-1118 0
-1119 0
-1120 0
-1121 0
-1122 0
-1123 0
-804 0
-826 0
-1037 0
-1124 0
-1125 0
-602 0
-626 0
-647 0
-668 0
-1057 0
-1126 0
-1127 0
-870 0
-891 0
-912 0
-1128 0
-1129 0
-966 0
-757 0
-781 0
-1130 0
-1003 0
-690 0
-711 0
-735 0
-1131 0
-1132 0
-357 0
-1133 0
-1134 0
-1135 0
-1136 0
-1137 0
-1138 0
-1139 0
-805 0
-827 0
-1038 0
-1140 0
-1141 0
-603 0
-627 0
-648 0
-669 0
-1058 0
-1142 0
-1143 0
-871 0
-892 0
-913 0
-1144 0
-1145 0
-967 0
-758 0
-782 0
-1146 0
-1004 0
-691 0
-712 0
-736 0
-1147 0
-1148 0
-358 0
-1149 0
-1150 0
-1151 0
-1152 0
-1153 0
-1154 0
-1155 0
-806 0
-828 0
-1039 0
-1156 0
-1157 0
-604 0
-628 0
-649 0
-670 0
-1059 0
-1158 0
-1159 0
-872 0
-893 0
-914 0
-1160 0
-1369 0
-968 0
-759 0
-783 0
-1370 0
-1005 0
-692 0
-713 0
-737 0
-1371 0
-1372 0
-1023 0
-340 0
-359 0
-1373 0
-1374 0
-1375 0
-1376 0
-1377 0
-266 0
-286 0
-447 0
-1378 0
-1379 0
-807 0
-829 0
-1040 0
-1380 0
-1381 0
-605 0
-629 0
-650 0
-671 0
-1060 0
-1382 0
-1383 0
-873 0
-894 0
-915 0
-1384 0
-1161 0
-969 0
-760 0
-784 0
-1162 0
-1006 0
-693 0
-714 0
-738 0
-1163 0
-1164 0
-1165 0
-1166 0
-1167 0
-1168 0
-1169 0
-267 0
-287 0
-448 0
-1170 0
-1171 0
-808 0
-830 0
-1041 0
-1172 0
-1173 0
-606 0
-630 0
-651 0
-672 0
-1061 0
-1174 0
-1175 0
-874 0
-895 0
-916 0
-1176 0
-1177 0
-970 0
-761 0
-785 0
-1178 0
-1007 0
-694 0
-715 0
-739 0
-1179 0
-1180 0
-1181 0
-1182 0
-1183 0
-1184 0
-1185 0
-268 0
-288 0
-449 0
-1186 0
-1187 0
-809 0
-831 0
-1042 0
-1188 0
-1189 0
-607 0
-631 0
-652 0
-673 0
-1062 0
-1190 0
-1191 0
-875 0
-896 0
-917 0
-1192 0
-1193 0
-971 0
-762 0
-786 0
-1194 0
-1008 0
-695 0
-716 0
-740 0
-1195 0
-1196 0
-1197 0
-1198 0
-1199 0
-1200 0
-1201 0
-269 0
-1202 0
-1203 0
-810 0
-832 0
-1043 0
-1204 0
-1205 0
-608 0
-632 0
-653 0
-674 0
-1063 0
-1206 0
-1207 0
-876 0
-897 0
-918 0
-1208 0
-1209 0
-972 0
-763 0
-787 0
-1210 0
-1009 0
-696 0
-717 0
-741 0
-1211 0
-1212 0
-1024 0
-341 0
-360 0
-1213 0
-1214 0
-1215 0
-1216 0
-1217 0
-270 0
-1218 0
-1219 0
-811 0
-833 0
-1044 0
-1220 0
-1221 0
-609 0
-633 0
-654 0
-675 0
-1064 0
-1222 0
-1223 0
-877 0
-898 0
-919 0
-1224 0
