-1 2 0
-1 3 0
-4 5 0
-4 6 0
-7 8 0
-7 9 0
-10 11 0
-10 12 0
-13 14 0
-13 15 0
-16 17 0
-16 18 0
-19 20 0
-19 21 0
-22 23 0
-22 24 0
-25 26 0
-25 27 0
-28 29 0
-28 30 0
-31 32 0
-31 33 0
-34 35 0
-34 36 0
-37 38 0
-37 39 0
-40 41 0
-40 42 0
-43 44 0
-43 45 0
-46 47 0
-46 2 0
-48 49 0
-48 5 0
-50 51 0
-50 8 0
-52 53 0
-52 11 0
-54 55 0
-54 14 0
-56 57 0
-56 17 0
-58 59 0
-58 20 0
-60 61 0
-60 23 0
-62 63 0
-62 26 0
-64 65 0
-64 29 0
-66 67 0
-66 32 0
-68 69 0
-68 35 0
-70 71 0
-70 38 0
-72 73 0
-72 41 0
-74 75 0
-74 44 0
-76 77 0
-76 78 0
-76 3 0
-79 80 0
-79 81 0
-79 6 0
-82 83 0
-82 84 0
-82 9 0
-85 86 0
-85 87 0
-85 12 0
-88 89 0
-88 90 0
-88 15 0
-91 92 0
-91 93 0
-91 18 0
-94 95 0
-94 96 0
-94 21 0
-97 98 0
-97 99 0
-97 24 0
-100 101 0
-100 102 0
-100 27 0
-103 104 0
-103 105 0
-103 30 0
-106 107 0
-106 108 0
-106 33 0
-109 110 0
-109 111 0
-109 36 0
-112 113 0
-112 114 0
-112 39 0
-115 116 0
-115 117 0
-115 42 0
-118 119 0
-118 120 0
-118 45 0
-121 47 0
-121 77 0
-121 78 0
-121 2 0
-122 49 0
-122 80 0
-122 81 0
-122 5 0
-123 51 0
-123 83 0
-123 84 0
-123 8 0
-124 53 0
-124 86 0
-124 87 0
-124 11 0
-125 55 0
-125 89 0
-125 90 0
-125 14 0
-126 57 0
-126 92 0
-126 93 0
-126 17 0
-127 59 0
-127 95 0
-127 96 0
-127 20 0
-128 61 0
-128 98 0
-128 99 0
-128 23 0
-129 63 0
-129 101 0
-129 102 0
-129 26 0
-130 65 0
-130 104 0
-130 105 0
-130 29 0
-131 67 0
-131 107 0
-131 108 0
-131 32 0
-132 69 0
-132 110 0
-132 111 0
-132 35 0
-133 71 0
-133 113 0
-133 114 0
-133 38 0
-134 73 0
-134 116 0
-134 117 0
-134 41 0
-135 75 0
-135 119 0
-135 120 0
-135 44 0
-136 77 0
-136 78 0
-136 3 0
-137 80 0
-137 81 0
-137 6 0
-138 83 0
-138 84 0
-138 9 0
-139 86 0
-139 87 0
-139 12 0
-140 89 0
-140 90 0
-140 15 0
-141 92 0
-141 93 0
-141 18 0
-142 95 0
-142 96 0
-142 21 0
-143 98 0
-143 99 0
-143 24 0
-144 101 0
-144 102 0
-144 27 0
-145 104 0
-145 105 0
-145 30 0
-146 107 0
-146 108 0
-146 33 0
-147 110 0
-147 111 0
-147 36 0
-148 113 0
-148 114 0
-148 39 0
-149 116 0
-149 117 0
-149 42 0
-150 119 0
-150 120 0
-150 45 0
-151 47 0
-151 77 0
-151 78 0
-151 2 0
-151 3 0
-152 49 0
-152 80 0
-152 81 0
-152 5 0
-152 6 0
-153 51 0
-153 83 0
-153 84 0
-153 8 0
-153 9 0
-154 53 0
-154 86 0
-154 87 0
-154 11 0
-154 12 0
-155 55 0
-155 89 0
-155 90 0
-155 14 0
-155 15 0
-156 57 0
-156 92 0
-156 93 0
-156 17 0
-156 18 0
-157 59 0
-157 95 0
-157 96 0
-157 20 0
-157 21 0
-158 61 0
-158 98 0
-158 99 0
-158 23 0
-158 24 0
-159 63 0
-159 101 0
-159 102 0
-159 26 0
-159 27 0
-160 65 0
-160 104 0
-160 105 0
-160 29 0
-160 30 0
-161 67 0
-161 107 0
-161 108 0
-161 32 0
-161 33 0
-162 69 0
-162 110 0
-162 111 0
-162 35 0
-162 36 0
-163 71 0
-163 113 0
-163 114 0
-163 38 0
-163 39 0
-164 73 0
-164 116 0
-164 117 0
-164 41 0
-164 42 0
-165 75 0
-165 119 0
-165 120 0
-165 44 0
-165 45 0
-166 47 0
-166 2 0
-166 3 0
-167 49 0
-167 5 0
-167 6 0
-168 51 0
-168 8 0
-168 9 0
-169 53 0
-169 11 0
-169 12 0
-170 55 0
-170 14 0
-170 15 0
-171 57 0
-171 17 0
-171 18 0
-172 59 0
-172 20 0
-172 21 0
-173 61 0
-173 23 0
-173 24 0
-174 63 0
-174 26 0
-174 27 0
-175 65 0
-175 29 0
-175 30 0
-176 67 0
-176 32 0
-176 33 0
-177 69 0
-177 35 0
-177 36 0
-178 71 0
-178 38 0
-178 39 0
-179 73 0
-179 41 0
-179 42 0
-180 75 0
-180 44 0
-180 45 0
-181 47 0
-181 77 0
-181 78 0
-181 3 0
-182 49 0
-182 80 0
-182 81 0
-182 6 0
-183 51 0
-183 83 0
-183 84 0
-183 9 0
-184 53 0
-184 86 0
-184 87 0
-184 12 0
-185 55 0
-185 89 0
-185 90 0
-185 15 0
-186 57 0
-186 92 0
-186 93 0
-186 18 0
-187 59 0
-187 95 0
-187 96 0
-187 21 0
-188 61 0
-188 98 0
-188 99 0
-188 24 0
-189 63 0
-189 101 0
-189 102 0
-189 27 0
-190 65 0
-190 104 0
-190 105 0
-190 30 0
-191 67 0
-191 107 0
-191 108 0
-191 33 0
-192 69 0
-192 110 0
-192 111 0
-192 36 0
-193 71 0
-193 113 0
-193 114 0
-193 39 0
-194 73 0
-194 116 0
-194 117 0
-194 42 0
-195 75 0
-195 119 0
-195 120 0
-195 45 0
-196 47 0
-197 49 0
-198 51 0
-199 53 0
-200 55 0
-201 57 0
-202 59 0
-203 61 0
-204 63 0
-205 65 0
-206 67 0
-207 69 0
-208 71 0
-209 73 0
-210 75 0
-211 47 0
-211 78 0
-211 3 0
-212 49 0
-212 81 0
-212 6 0
-213 51 0
-213 84 0
-213 9 0
-214 53 0
-214 87 0
-214 12 0
-215 55 0
-215 90 0
-215 15 0
-216 57 0
-216 93 0
-216 18 0
-217 59 0
-217 96 0
-217 21 0
-218 61 0
-218 99 0
-218 24 0
-219 63 0
-219 102 0
-219 27 0
-220 65 0
-220 105 0
-220 30 0
-221 67 0
-221 108 0
-221 33 0
-222 69 0
-222 111 0
-222 36 0
-223 71 0
-223 114 0
-223 39 0
-224 73 0
-224 117 0
-224 42 0
-225 75 0
-225 120 0
-225 45 0
-226 77 0
-227 80 0
-228 83 0
-229 86 0
-230 89 0
-231 92 0
-232 95 0
-233 98 0
-234 101 0
-235 104 0
-236 107 0
-237 110 0
-238 113 0
-239 116 0
-240 119 0
-241 77 0
-242 80 0
-243 83 0
-244 86 0
-245 89 0
-246 92 0
-247 95 0
-248 98 0
-249 101 0
-250 104 0
-251 107 0
-252 110 0
-253 113 0
-254 116 0
-255 119 0
-256 47 0
-256 77 0
-256 3 0
-257 49 0
-257 80 0
-257 6 0
-258 51 0
-258 83 0
-258 9 0
-259 53 0
-259 86 0
-259 12 0
-260 55 0
-260 89 0
-260 15 0
-261 57 0
-261 92 0
-261 18 0
-262 59 0
-262 95 0
-262 21 0
-263 61 0
-263 98 0
-263 24 0
-264 63 0
-264 101 0
-264 27 0
-265 65 0
-265 104 0
-265 30 0
-266 67 0
-266 107 0
-266 33 0
-267 69 0
-267 110 0
-267 36 0
-268 71 0
-268 113 0
-268 39 0
-269 73 0
-269 116 0
-269 42 0
-270 75 0
-270 119 0
-270 45 0
-271 77 0
-271 2 0
-272 80 0
-272 5 0
-273 83 0
-273 8 0
-274 86 0
-274 11 0
-275 89 0
-275 14 0
-276 92 0
-276 17 0
-277 95 0
-277 20 0
-278 98 0
-278 23 0
-279 101 0
-279 26 0
-280 104 0
-280 29 0
-281 107 0
-281 32 0
-282 110 0
-282 35 0
-283 113 0
-283 38 0
-284 116 0
-284 41 0
-285 119 0
-285 44 0
-286 78 0
-287 81 0
-288 84 0
-289 87 0
-290 90 0
-291 93 0
-292 96 0
-293 99 0
-294 102 0
-295 105 0
-296 108 0
-297 111 0
-298 114 0
-299 117 0
-300 120 0
-47 -49 -51 0
-49 -51 -53 0
-51 -53 -55 0
-53 -55 -57 0
-55 -57 -59 0
-57 -59 -61 0
-59 -61 -63 0
-61 -63 -65 0
-63 -65 -67 0
-65 -67 -69 0
-67 -69 -71 0
-69 -71 -73 0
-71 -73 -75 0
-77 -80 -83 -86 0
-80 -83 -86 -89 0
-83 -86 -89 -92 0
-86 -89 -92 -95 0
-89 -92 -95 -98 0
-92 -95 -98 -101 0
-95 -98 -101 -104 0
-98 -101 -104 -107 0
-101 -104 -107 -110 0
-104 -107 -110 -113 0
-107 -110 -113 -116 0
-110 -113 -116 -119 0
-78 -81 -84 0
-78 -81 -87 0
-78 -84 -87 0
-81 -84 -87 0
-81 -84 -87 0
-81 -84 -90 0
-81 -87 -90 0
-84 -87 -90 0
-84 -87 -90 0
-84 -87 -93 0
-84 -90 -93 0
-87 -90 -93 0
-87 -90 -93 0
-87 -90 -96 0
-87 -93 -96 0
-90 -93 -96 0
-90 -93 -96 0
-90 -93 -99 0
-90 -96 -99 0
-93 -96 -99 0
-93 -96 -99 0
-93 -96 -102 0
-93 -99 -102 0
-96 -99 -102 0
-96 -99 -102 0
-96 -99 -105 0
-96 -102 -105 0
-99 -102 -105 0
-99 -102 -105 0
-99 -102 -108 0
-99 -105 -108 0
-102 -105 -108 0
-102 -105 -108 0
-102 -105 -111 0
-102 -108 -111 0
-105 -108 -111 0
-105 -108 -111 0
-105 -108 -114 0
-105 -111 -114 0
-108 -111 -114 0
-108 -111 -114 0
-108 -111 -117 0
-108 -114 -117 0
-111 -114 -117 0
-111 -114 -117 0
-111 -114 -120 0
-111 -117 -120 0
-114 -117 -120 0
-2 -5 -8 0
-2 -5 -11 0
-2 -8 -11 0
-5 -8 -11 0
-5 -8 -11 0
-5 -8 -14 0
-5 -11 -14 0
-8 -11 -14 0
-8 -11 -14 0
-8 -11 -17 0
-8 -14 -17 0
-11 -14 -17 0
-11 -14 -17 0
-11 -14 -20 0
-11 -17 -20 0
-14 -17 -20 0
-14 -17 -20 0
-14 -17 -23 0
-14 -20 -23 0
-17 -20 -23 0
-17 -20 -23 0
-17 -20 -26 0
-17 -23 -26 0
-20 -23 -26 0
-20 -23 -26 0
-20 -23 -29 0
-20 -26 -29 0
-23 -26 -29 0
-23 -26 -29 0
-23 -26 -32 0
-23 -29 -32 0
-26 -29 -32 0
-26 -29 -32 0
-26 -29 -35 0
-26 -32 -35 0
-29 -32 -35 0
-29 -32 -35 0
-29 -32 -38 0
-29 -35 -38 0
-32 -35 -38 0
-32 -35 -38 0
-32 -35 -41 0
-32 -38 -41 0
-35 -38 -41 0
-35 -38 -41 0
-35 -38 -44 0
-35 -41 -44 0
-38 -41 -44 0
-3 -6 -9 -12 0
-3 -6 -9 -15 0
-3 -6 -12 -15 0
-3 -9 -12 -15 0
-6 -9 -12 -15 0
-6 -9 -12 -15 0
-6 -9 -12 -18 0
-6 -9 -15 -18 0
-6 -12 -15 -18 0
-9 -12 -15 -18 0
-9 -12 -15 -18 0
-9 -12 -15 -21 0
-9 -12 -18 -21 0
-9 -15 -18 -21 0
-12 -15 -18 -21 0
-12 -15 -18 -21 0
-12 -15 -18 -24 0
-12 -15 -21 -24 0
-12 -18 -21 -24 0
-15 -18 -21 -24 0
-15 -18 -21 -24 0
-15 -18 -21 -27 0
-15 -18 -24 -27 0
-15 -21 -24 -27 0
-18 -21 -24 -27 0
-18 -21 -24 -27 0
-18 -21 -24 -30 0
-18 -21 -27 -30 0
-18 -24 -27 -30 0
-21 -24 -27 -30 0
-21 -24 -27 -30 0
-21 -24 -27 -33 0
-21 -24 -30 -33 0
-21 -27 -30 -33 0
-24 -27 -30 -33 0
-24 -27 -30 -33 0
-24 -27 -30 -36 0
-24 -27 -33 -36 0
-24 -30 -33 -36 0
-27 -30 -33 -36 0
-27 -30 -33 -36 0
-27 -30 -33 -39 0
-27 -30 -36 -39 0
-27 -33 -36 -39 0
-30 -33 -36 -39 0
-30 -33 -36 -39 0
-30 -33 -36 -42 0
-30 -33 -39 -42 0
-30 -36 -39 -42 0
-33 -36 -39 -42 0
-33 -36 -39 -42 0
-33 -36 -39 -45 0
-33 -36 -42 -45 0
-33 -39 -42 -45 0
-36 -39 -42 -45 0
1 4 7 10 13 16 19 22 25 28 31 34 37 40 43 0
-1 -4 0
-1 -7 0
-1 -10 0
-1 -13 0
-1 -16 0
-1 -19 0
-1 -22 0
-1 -25 0
-1 -28 0
-1 -31 0
-1 -34 0
-1 -37 0
-1 -40 0
-1 -43 0
-4 -7 0
-4 -10 0
-4 -13 0
-4 -16 0
-4 -19 0
-4 -22 0
-4 -25 0
-4 -28 0
-4 -31 0
-4 -34 0
-4 -37 0
-4 -40 0
-4 -43 0
-7 -10 0
-7 -13 0
-7 -16 0
-7 -19 0
-7 -22 0
-7 -25 0
-7 -28 0
-7 -31 0
-7 -34 0
-7 -37 0
-7 -40 0
-7 -43 0
-10 -13 0
-10 -16 0
-10 -19 0
-10 -22 0
-10 -25 0
-10 -28 0
-10 -31 0
-10 -34 0
-10 -37 0
-10 -40 0
-10 -43 0
-13 -16 0
-13 -19 0
-13 -22 0
-13 -25 0
-13 -28 0
-13 -31 0
-13 -34 0
-13 -37 0
-13 -40 0
-13 -43 0
-16 -19 0
-16 -22 0
-16 -25 0
-16 -28 0
-16 -31 0
-16 -34 0
-16 -37 0
-16 -40 0
-16 -43 0
-19 -22 0
-19 -25 0
-19 -28 0
-19 -31 0
-19 -34 0
-19 -37 0
-19 -40 0
-19 -43 0
-22 -25 0
-22 -28 0
-22 -31 0
-22 -34 0
-22 -37 0
-22 -40 0
-22 -43 0
-25 -28 0
-25 -31 0
-25 -34 0
-25 -37 0
-25 -40 0
-25 -43 0
-28 -31 0
-28 -34 0
-28 -37 0
-28 -40 0
-28 -43 0
-31 -34 0
-31 -37 0
-31 -40 0
-31 -43 0
-34 -37 0
-34 -40 0
-34 -43 0
-37 -40 0
-37 -43 0
-40 -43 0
46 48 50 52 54 56 58 60 62 64 66 68 70 72 74 0
-46 -48 0
-46 -50 0
-46 -52 0
-46 -54 0
-46 -56 0
-46 -58 0
-46 -60 0
-46 -62 0
-46 -64 0
-46 -66 0
-46 -68 0
-46 -70 0
-46 -72 0
-46 -74 0
-48 -50 0
-48 -52 0
-48 -54 0
-48 -56 0
-48 -58 0
-48 -60 0
-48 -62 0
-48 -64 0
-48 -66 0
-48 -68 0
-48 -70 0
-48 -72 0
-48 -74 0
-50 -52 0
-50 -54 0
-50 -56 0
-50 -58 0
-50 -60 0
-50 -62 0
-50 -64 0
-50 -66 0
-50 -68 0
-50 -70 0
-50 -72 0
-50 -74 0
-52 -54 0
-52 -56 0
-52 -58 0
-52 -60 0
-52 -62 0
-52 -64 0
-52 -66 0
-52 -68 0
-52 -70 0
-52 -72 0
-52 -74 0
-54 -56 0
-54 -58 0
-54 -60 0
-54 -62 0
-54 -64 0
-54 -66 0
-54 -68 0
-54 -70 0
-54 -72 0
-54 -74 0
-56 -58 0
-56 -60 0
-56 -62 0
-56 -64 0
-56 -66 0
-56 -68 0
-56 -70 0
-56 -72 0
-56 -74 0
-58 -60 0
-58 -62 0
-58 -64 0
-58 -66 0
-58 -68 0
-58 -70 0
-58 -72 0
-58 -74 0
-60 -62 0
-60 -64 0
-60 -66 0
-60 -68 0
-60 -70 0
-60 -72 0
-60 -74 0
-62 -64 0
-62 -66 0
-62 -68 0
-62 -70 0
-62 -72 0
-62 -74 0
-64 -66 0
-64 -68 0
-64 -70 0
-64 -72 0
-64 -74 0
-66 -68 0
-66 -70 0
-66 -72 0
-66 -74 0
-68 -70 0
-68 -72 0
-68 -74 0
-70 -72 0
-70 -74 0
-72 -74 0
76 79 82 85 88 91 94 97 100 103 106 109 112 115 118 0
-76 -79 0
-76 -82 0
-76 -85 0
-76 -88 0
-76 -91 0
-76 -94 0
-76 -97 0
-76 -100 0
-76 -103 0
-76 -106 0
-76 -109 0
-76 -112 0
-76 -115 0
-76 -118 0
-79 -82 0
-79 -85 0
-79 -88 0
-79 -91 0
-79 -94 0
-79 -97 0
-79 -100 0
-79 -103 0
-79 -106 0
-79 -109 0
-79 -112 0
-79 -115 0
-79 -118 0
-82 -85 0
-82 -88 0
-82 -91 0
-82 -94 0
-82 -97 0
-82 -100 0
-82 -103 0
-82 -106 0
-82 -109 0
-82 -112 0
-82 -115 0
-82 -118 0
-85 -88 0
-85 -91 0
-85 -94 0
-85 -97 0
-85 -100 0
-85 -103 0
-85 -106 0
-85 -109 0
-85 -112 0
-85 -115 0
-85 -118 0
-88 -91 0
-88 -94 0
-88 -97 0
-88 -100 0
-88 -103 0
-88 -106 0
-88 -109 0
-88 -112 0
-88 -115 0
-88 -118 0
-91 -94 0
-91 -97 0
-91 -100 0
-91 -103 0
-91 -106 0
-91 -109 0
-91 -112 0
-91 -115 0
-91 -118 0
-94 -97 0
-94 -100 0
-94 -103 0
-94 -106 0
-94 -109 0
-94 -112 0
-94 -115 0
-94 -118 0
-97 -100 0
-97 -103 0
-97 -106 0
-97 -109 0
-97 -112 0
-97 -115 0
-97 -118 0
-100 -103 0
-100 -106 0
-100 -109 0
-100 -112 0
-100 -115 0
-100 -118 0
-103 -106 0
-103 -109 0
-103 -112 0
-103 -115 0
-103 -118 0
-106 -109 0
-106 -112 0
-106 -115 0
-106 -118 0
-109 -112 0
-109 -115 0
-109 -118 0
-112 -115 0
-112 -118 0
-115 -118 0
121 122 123 124 125 126 127 128 129 130 131 132 133 134 135 0
-121 -122 0
-121 -123 0
-121 -124 0
-121 -125 0
-121 -126 0
-121 -127 0
-121 -128 0
-121 -129 0
-121 -130 0
-121 -131 0
-121 -132 0
-121 -133 0
-121 -134 0
-121 -135 0
-122 -123 0
-122 -124 0
-122 -125 0
-122 -126 0
-122 -127 0
-122 -128 0
-122 -129 0
-122 -130 0
-122 -131 0
-122 -132 0
-122 -133 0
-122 -134 0
-122 -135 0
-123 -124 0
-123 -125 0
-123 -126 0
-123 -127 0
-123 -128 0
-123 -129 0
-123 -130 0
-123 -131 0
-123 -132 0
-123 -133 0
-123 -134 0
-123 -135 0
-124 -125 0
-124 -126 0
-124 -127 0
-124 -128 0
-124 -129 0
-124 -130 0
-124 -131 0
-124 -132 0
-124 -133 0
-124 -134 0
-124 -135 0
-125 -126 0
-125 -127 0
-125 -128 0
-125 -129 0
-125 -130 0
-125 -131 0
-125 -132 0
-125 -133 0
-125 -134 0
-125 -135 0
-126 -127 0
-126 -128 0
-126 -129 0
-126 -130 0
-126 -131 0
-126 -132 0
-126 -133 0
-126 -134 0
-126 -135 0
-127 -128 0
-127 -129 0
-127 -130 0
-127 -131 0
-127 -132 0
-127 -133 0
-127 -134 0
-127 -135 0
-128 -129 0
-128 -130 0
-128 -131 0
-128 -132 0
-128 -133 0
-128 -134 0
-128 -135 0
-129 -130 0
-129 -131 0
-129 -132 0
-129 -133 0
-129 -134 0
-129 -135 0
-130 -131 0
-130 -132 0
-130 -133 0
-130 -134 0
-130 -135 0
-131 -132 0
-131 -133 0
-131 -134 0
-131 -135 0
-132 -133 0
-132 -134 0
-132 -135 0
-133 -134 0
-133 -135 0
-134 -135 0
136 137 138 139 140 141 142 143 144 145 146 147 148 149 150 0
-136 -137 0
-136 -138 0
-136 -139 0
-136 -140 0
-136 -141 0
-136 -142 0
-136 -143 0
-136 -144 0
-136 -145 0
-136 -146 0
-136 -147 0
-136 -148 0
-136 -149 0
-136 -150 0
-137 -138 0
-137 -139 0
-137 -140 0
-137 -141 0
-137 -142 0
-137 -143 0
-137 -144 0
-137 -145 0
-137 -146 0
-137 -147 0
-137 -148 0
-137 -149 0
-137 -150 0
-138 -139 0
-138 -140 0
-138 -141 0
-138 -142 0
-138 -143 0
-138 -144 0
-138 -145 0
-138 -146 0
-138 -147 0
-138 -148 0
-138 -149 0
-138 -150 0
-139 -140 0
-139 -141 0
-139 -142 0
-139 -143 0
-139 -144 0
-139 -145 0
-139 -146 0
-139 -147 0
-139 -148 0
-139 -149 0
-139 -150 0
-140 -141 0
-140 -142 0
-140 -143 0
-140 -144 0
-140 -145 0
-140 -146 0
-140 -147 0
-140 -148 0
-140 -149 0
-140 -150 0
-141 -142 0
-141 -143 0
-141 -144 0
-141 -145 0
-141 -146 0
-141 -147 0
-141 -148 0
-141 -149 0
-141 -150 0
-142 -143 0
-142 -144 0
-142 -145 0
-142 -146 0
-142 -147 0
-142 -148 0
-142 -149 0
-142 -150 0
-143 -144 0
-143 -145 0
-143 -146 0
-143 -147 0
-143 -148 0
-143 -149 0
-143 -150 0
-144 -145 0
-144 -146 0
-144 -147 0
-144 -148 0
-144 -149 0
-144 -150 0
-145 -146 0
-145 -147 0
-145 -148 0
-145 -149 0
-145 -150 0
-146 -147 0
-146 -148 0
-146 -149 0
-146 -150 0
-147 -148 0
-147 -149 0
-147 -150 0
-148 -149 0
-148 -150 0
-149 -150 0
151 152 153 154 155 156 157 158 159 160 161 162 163 164 165 0
-151 -152 0
-151 -153 0
-151 -154 0
-151 -155 0
-151 -156 0
-151 -157 0
-151 -158 0
-151 -159 0
-151 -160 0
-151 -161 0
-151 -162 0
-151 -163 0
-151 -164 0
-151 -165 0
-152 -153 0
-152 -154 0
-152 -155 0
-152 -156 0
-152 -157 0
-152 -158 0
-152 -159 0
-152 -160 0
-152 -161 0
-152 -162 0
-152 -163 0
-152 -164 0
-152 -165 0
-153 -154 0
-153 -155 0
-153 -156 0
-153 -157 0
-153 -158 0
-153 -159 0
-153 -160 0
-153 -161 0
-153 -162 0
-153 -163 0
-153 -164 0
-153 -165 0
-154 -155 0
-154 -156 0
-154 -157 0
-154 -158 0
-154 -159 0
-154 -160 0
-154 -161 0
-154 -162 0
-154 -163 0
-154 -164 0
-154 -165 0
-155 -156 0
-155 -157 0
-155 -158 0
-155 -159 0
-155 -160 0
-155 -161 0
-155 -162 0
-155 -163 0
-155 -164 0
-155 -165 0
-156 -157 0
-156 -158 0
-156 -159 0
-156 -160 0
-156 -161 0
-156 -162 0
-156 -163 0
-156 -164 0
-156 -165 0
-157 -158 0
-157 -159 0
-157 -160 0
-157 -161 0
-157 -162 0
-157 -163 0
-157 -164 0
-157 -165 0
-158 -159 0
-158 -160 0
-158 -161 0
-158 -162 0
-158 -163 0
-158 -164 0
-158 -165 0
-159 -160 0
-159 -161 0
-159 -162 0
-159 -163 0
-159 -164 0
-159 -165 0
-160 -161 0
-160 -162 0
-160 -163 0
-160 -164 0
-160 -165 0
-161 -162 0
-161 -163 0
-161 -164 0
-161 -165 0
-162 -163 0
-162 -164 0
-162 -165 0
-163 -164 0
-163 -165 0
-164 -165 0
166 167 168 169 170 171 172 173 174 175 176 177 178 179 180 0
-166 -167 0
-166 -168 0
-166 -169 0
-166 -170 0
-166 -171 0
-166 -172 0
-166 -173 0
-166 -174 0
-166 -175 0
-166 -176 0
-166 -177 0
-166 -178 0
-166 -179 0
-166 -180 0
-167 -168 0
-167 -169 0
-167 -170 0
-167 -171 0
-167 -172 0
-167 -173 0
-167 -174 0
-167 -175 0
-167 -176 0
-167 -177 0
-167 -178 0
-167 -179 0
-167 -180 0
-168 -169 0
-168 -170 0
-168 -171 0
-168 -172 0
-168 -173 0
-168 -174 0
-168 -175 0
-168 -176 0
-168 -177 0
-168 -178 0
-168 -179 0
-168 -180 0
-169 -170 0
-169 -171 0
-169 -172 0
-169 -173 0
-169 -174 0
-169 -175 0
-169 -176 0
-169 -177 0
-169 -178 0
-169 -179 0
-169 -180 0
-170 -171 0
-170 -172 0
-170 -173 0
-170 -174 0
-170 -175 0
-170 -176 0
-170 -177 0
-170 -178 0
-170 -179 0
-170 -180 0
-171 -172 0
-171 -173 0
-171 -174 0
-171 -175 0
-171 -176 0
-171 -177 0
-171 -178 0
-171 -179 0
-171 -180 0
-172 -173 0
-172 -174 0
-172 -175 0
-172 -176 0
-172 -177 0
-172 -178 0
-172 -179 0
-172 -180 0
-173 -174 0
-173 -175 0
-173 -176 0
-173 -177 0
-173 -178 0
-173 -179 0
-173 -180 0
-174 -175 0
-174 -176 0
-174 -177 0
-174 -178 0
-174 -179 0
-174 -180 0
-175 -176 0
-175 -177 0
-175 -178 0
-175 -179 0
-175 -180 0
-176 -177 0
-176 -178 0
-176 -179 0
-176 -180 0
-177 -178 0
-177 -179 0
-177 -180 0
-178 -179 0
-178 -180 0
-179 -180 0
181 182 183 184 185 186 187 188 189 190 191 192 193 194 195 0
-181 -182 0
-181 -183 0
-181 -184 0
-181 -185 0
-181 -186 0
-181 -187 0
-181 -188 0
-181 -189 0
-181 -190 0
-181 -191 0
-181 -192 0
-181 -193 0
-181 -194 0
-181 -195 0
-182 -183 0
-182 -184 0
-182 -185 0
-182 -186 0
-182 -187 0
-182 -188 0
-182 -189 0
-182 -190 0
-182 -191 0
-182 -192 0
-182 -193 0
-182 -194 0
-182 -195 0
-183 -184 0
-183 -185 0
-183 -186 0
-183 -187 0
-183 -188 0
-183 -189 0
-183 -190 0
-183 -191 0
-183 -192 0
-183 -193 0
-183 -194 0
-183 -195 0
-184 -185 0
-184 -186 0
-184 -187 0
-184 -188 0
-184 -189 0
-184 -190 0
-184 -191 0
-184 -192 0
-184 -193 0
-184 -194 0
-184 -195 0
-185 -186 0
-185 -187 0
-185 -188 0
-185 -189 0
-185 -190 0
-185 -191 0
-185 -192 0
-185 -193 0
-185 -194 0
-185 -195 0
-186 -187 0
-186 -188 0
-186 -189 0
-186 -190 0
-186 -191 0
-186 -192 0
-186 -193 0
-186 -194 0
-186 -195 0
-187 -188 0
-187 -189 0
-187 -190 0
-187 -191 0
-187 -192 0
-187 -193 0
-187 -194 0
-187 -195 0
-188 -189 0
-188 -190 0
-188 -191 0
-188 -192 0
-188 -193 0
-188 -194 0
-188 -195 0
-189 -190 0
-189 -191 0
-189 -192 0
-189 -193 0
-189 -194 0
-189 -195 0
-190 -191 0
-190 -192 0
-190 -193 0
-190 -194 0
-190 -195 0
-191 -192 0
-191 -193 0
-191 -194 0
-191 -195 0
-192 -193 0
-192 -194 0
-192 -195 0
-193 -194 0
-193 -195 0
-194 -195 0
196 197 198 199 200 201 202 203 204 205 206 207 208 209 210 0
-196 -197 0
-196 -198 0
-196 -199 0
-196 -200 0
-196 -201 0
-196 -202 0
-196 -203 0
-196 -204 0
-196 -205 0
-196 -206 0
-196 -207 0
-196 -208 0
-196 -209 0
-196 -210 0
-197 -198 0
-197 -199 0
-197 -200 0
-197 -201 0
-197 -202 0
-197 -203 0
-197 -204 0
-197 -205 0
-197 -206 0
-197 -207 0
-197 -208 0
-197 -209 0
-197 -210 0
-198 -199 0
-198 -200 0
-198 -201 0
-198 -202 0
-198 -203 0
-198 -204 0
-198 -205 0
-198 -206 0
-198 -207 0
-198 -208 0
-198 -209 0
-198 -210 0
-199 -200 0
-199 -201 0
-199 -202 0
-199 -203 0
-199 -204 0
-199 -205 0
-199 -206 0
-199 -207 0
-199 -208 0
-199 -209 0
-199 -210 0
-200 -201 0
-200 -202 0
-200 -203 0
-200 -204 0
-200 -205 0
-200 -206 0
-200 -207 0
-200 -208 0
-200 -209 0
-200 -210 0
-201 -202 0
-201 -203 0
-201 -204 0
-201 -205 0
-201 -206 0
-201 -207 0
-201 -208 0
-201 -209 0
-201 -210 0
-202 -203 0
-202 -204 0
-202 -205 0
-202 -206 0
-202 -207 0
-202 -208 0
-202 -209 0
-202 -210 0
-203 -204 0
-203 -205 0
-203 -206 0
-203 -207 0
-203 -208 0
-203 -209 0
-203 -210 0
-204 -205 0
-204 -206 0
-204 -207 0
-204 -208 0
-204 -209 0
-204 -210 0
-205 -206 0
-205 -207 0
-205 -208 0
-205 -209 0
-205 -210 0
-206 -207 0
-206 -208 0
-206 -209 0
-206 -210 0
-207 -208 0
-207 -209 0
-207 -210 0
-208 -209 0
-208 -210 0
-209 -210 0
211 212 213 214 215 216 217 218 219 220 221 222 223 224 225 0
-211 -212 0
-211 -213 0
-211 -214 0
-211 -215 0
-211 -216 0
-211 -217 0
-211 -218 0
-211 -219 0
-211 -220 0
-211 -221 0
-211 -222 0
-211 -223 0
-211 -224 0
-211 -225 0
-212 -213 0
-212 -214 0
-212 -215 0
-212 -216 0
-212 -217 0
-212 -218 0
-212 -219 0
-212 -220 0
-212 -221 0
-212 -222 0
-212 -223 0
-212 -224 0
-212 -225 0
-213 -214 0
-213 -215 0
-213 -216 0
-213 -217 0
-213 -218 0
-213 -219 0
-213 -220 0
-213 -221 0
-213 -222 0
-213 -223 0
-213 -224 0
-213 -225 0
-214 -215 0
-214 -216 0
-214 -217 0
-214 -218 0
-214 -219 0
-214 -220 0
-214 -221 0
-214 -222 0
-214 -223 0
-214 -224 0
-214 -225 0
-215 -216 0
-215 -217 0
-215 -218 0
-215 -219 0
-215 -220 0
-215 -221 0
-215 -222 0
-215 -223 0
-215 -224 0
-215 -225 0
-216 -217 0
-216 -218 0
-216 -219 0
-216 -220 0
-216 -221 0
-216 -222 0
-216 -223 0
-216 -224 0
-216 -225 0
-217 -218 0
-217 -219 0
-217 -220 0
-217 -221 0
-217 -222 0
-217 -223 0
-217 -224 0
-217 -225 0
-218 -219 0
-218 -220 0
-218 -221 0
-218 -222 0
-218 -223 0
-218 -224 0
-218 -225 0
-219 -220 0
-219 -221 0
-219 -222 0
-219 -223 0
-219 -224 0
-219 -225 0
-220 -221 0
-220 -222 0
-220 -223 0
-220 -224 0
-220 -225 0
-221 -222 0
-221 -223 0
-221 -224 0
-221 -225 0
-222 -223 0
-222 -224 0
-222 -225 0
-223 -224 0
-223 -225 0
-224 -225 0
226 227 228 229 230 231 232 233 234 235 236 237 238 239 240 0
-226 -227 0
-226 -228 0
-226 -229 0
-226 -230 0
-226 -231 0
-226 -232 0
-226 -233 0
-226 -234 0
-226 -235 0
-226 -236 0
-226 -237 0
-226 -238 0
-226 -239 0
-226 -240 0
-227 -228 0
-227 -229 0
-227 -230 0
-227 -231 0
-227 -232 0
-227 -233 0
-227 -234 0
-227 -235 0
-227 -236 0
-227 -237 0
-227 -238 0
-227 -239 0
-227 -240 0
-228 -229 0
-228 -230 0
-228 -231 0
-228 -232 0
-228 -233 0
-228 -234 0
-228 -235 0
-228 -236 0
-228 -237 0
-228 -238 0
-228 -239 0
-228 -240 0
-229 -230 0
-229 -231 0
-229 -232 0
-229 -233 0
-229 -234 0
-229 -235 0
-229 -236 0
-229 -237 0
-229 -238 0
-229 -239 0
-229 -240 0
-230 -231 0
-230 -232 0
-230 -233 0
-230 -234 0
-230 -235 0
-230 -236 0
-230 -237 0
-230 -238 0
-230 -239 0
-230 -240 0
-231 -232 0
-231 -233 0
-231 -234 0
-231 -235 0
-231 -236 0
-231 -237 0
-231 -238 0
-231 -239 0
-231 -240 0
-232 -233 0
-232 -234 0
-232 -235 0
-232 -236 0
-232 -237 0
-232 -238 0
-232 -239 0
-232 -240 0
-233 -234 0
-233 -235 0
-233 -236 0
-233 -237 0
-233 -238 0
-233 -239 0
-233 -240 0
-234 -235 0
-234 -236 0
-234 -237 0
-234 -238 0
-234 -239 0
-234 -240 0
-235 -236 0
-235 -237 0
-235 -238 0
-235 -239 0
-235 -240 0
-236 -237 0
-236 -238 0
-236 -239 0
-236 -240 0
-237 -238 0
-237 -239 0
-237 -240 0
-238 -239 0
-238 -240 0
-239 -240 0
241 242 243 244 245 246 247 248 249 250 251 252 253 254 255 0
-241 -242 0
-241 -243 0
-241 -244 0
-241 -245 0
-241 -246 0
-241 -247 0
-241 -248 0
-241 -249 0
-241 -250 0
-241 -251 0
-241 -252 0
-241 -253 0
-241 -254 0
-241 -255 0
-242 -243 0
-242 -244 0
-242 -245 0
-242 -246 0
-242 -247 0
-242 -248 0
-242 -249 0
-242 -250 0
-242 -251 0
-242 -252 0
-242 -253 0
-242 -254 0
-242 -255 0
-243 -244 0
-243 -245 0
-243 -246 0
-243 -247 0
-243 -248 0
-243 -249 0
-243 -250 0
-243 -251 0
-243 -252 0
-243 -253 0
-243 -254 0
-243 -255 0
-244 -245 0
-244 -246 0
-244 -247 0
-244 -248 0
-244 -249 0
-244 -250 0
-244 -251 0
-244 -252 0
-244 -253 0
-244 -254 0
-244 -255 0
-245 -246 0
-245 -247 0
-245 -248 0
-245 -249 0
-245 -250 0
-245 -251 0
-245 -252 0
-245 -253 0
-245 -254 0
-245 -255 0
-246 -247 0
-246 -248 0
-246 -249 0
-246 -250 0
-246 -251 0
-246 -252 0
-246 -253 0
-246 -254 0
-246 -255 0
-247 -248 0
-247 -249 0
-247 -250 0
-247 -251 0
-247 -252 0
-247 -253 0
-247 -254 0
-247 -255 0
-248 -249 0
-248 -250 0
-248 -251 0
-248 -252 0
-248 -253 0
-248 -254 0
-248 -255 0
-249 -250 0
-249 -251 0
-249 -252 0
-249 -253 0
-249 -254 0
-249 -255 0
-250 -251 0
-250 -252 0
-250 -253 0
-250 -254 0
-250 -255 0
-251 -252 0
-251 -253 0
-251 -254 0
-251 -255 0
-252 -253 0
-252 -254 0
-252 -255 0
-253 -254 0
-253 -255 0
-254 -255 0
256 257 258 259 260 261 262 263 264 265 266 267 268 269 270 0
-256 -257 0
-256 -258 0
-256 -259 0
-256 -260 0
-256 -261 0
-256 -262 0
-256 -263 0
-256 -264 0
-256 -265 0
-256 -266 0
-256 -267 0
-256 -268 0
-256 -269 0
-256 -270 0
-257 -258 0
-257 -259 0
-257 -260 0
-257 -261 0
-257 -262 0
-257 -263 0
-257 -264 0
-257 -265 0
-257 -266 0
-257 -267 0
-257 -268 0
-257 -269 0
-257 -270 0
-258 -259 0
-258 -260 0
-258 -261 0
-258 -262 0
-258 -263 0
-258 -264 0
-258 -265 0
-258 -266 0
-258 -267 0
-258 -268 0
-258 -269 0
-258 -270 0
-259 -260 0
-259 -261 0
-259 -262 0
-259 -263 0
-259 -264 0
-259 -265 0
-259 -266 0
-259 -267 0
-259 -268 0
-259 -269 0
-259 -270 0
-260 -261 0
-260 -262 0
-260 -263 0
-260 -264 0
-260 -265 0
-260 -266 0
-260 -267 0
-260 -268 0
-260 -269 0
-260 -270 0
-261 -262 0
-261 -263 0
-261 -264 0
-261 -265 0
-261 -266 0
-261 -267 0
-261 -268 0
-261 -269 0
-261 -270 0
-262 -263 0
-262 -264 0
-262 -265 0
-262 -266 0
-262 -267 0
-262 -268 0
-262 -269 0
-262 -270 0
-263 -264 0
-263 -265 0
-263 -266 0
-263 -267 0
-263 -268 0
-263 -269 0
-263 -270 0
-264 -265 0
-264 -266 0
-264 -267 0
-264 -268 0
-264 -269 0
-264 -270 0
-265 -266 0
-265 -267 0
-265 -268 0
-265 -269 0
-265 -270 0
-266 -267 0
-266 -268 0
-266 -269 0
-266 -270 0
-267 -268 0
-267 -269 0
-267 -270 0
-268 -269 0
-268 -270 0
-269 -270 0
271 272 273 274 275 276 277 278 279 280 281 282 283 284 285 0
-271 -272 0
-271 -273 0
-271 -274 0
-271 -275 0
-271 -276 0
-271 -277 0
-271 -278 0
-271 -279 0
-271 -280 0
-271 -281 0
-271 -282 0
-271 -283 0
-271 -284 0
-271 -285 0
-272 -273 0
-272 -274 0
-272 -275 0
-272 -276 0
-272 -277 0
-272 -278 0
-272 -279 0
-272 -280 0
-272 -281 0
-272 -282 0
-272 -283 0
-272 -284 0
-272 -285 0
-273 -274 0
-273 -275 0
-273 -276 0
-273 -277 0
-273 -278 0
-273 -279 0
-273 -280 0
-273 -281 0
-273 -282 0
-273 -283 0
-273 -284 0
-273 -285 0
-274 -275 0
-274 -276 0
-274 -277 0
-274 -278 0
-274 -279 0
-274 -280 0
-274 -281 0
-274 -282 0
-274 -283 0
-274 -284 0
-274 -285 0
-275 -276 0
-275 -277 0
-275 -278 0
-275 -279 0
-275 -280 0
-275 -281 0
-275 -282 0
-275 -283 0
-275 -284 0
-275 -285 0
-276 -277 0
-276 -278 0
-276 -279 0
-276 -280 0
-276 -281 0
-276 -282 0
-276 -283 0
-276 -284 0
-276 -285 0
-277 -278 0
-277 -279 0
-277 -280 0
-277 -281 0
-277 -282 0
-277 -283 0
-277 -284 0
-277 -285 0
-278 -279 0
-278 -280 0
-278 -281 0
-278 -282 0
-278 -283 0
-278 -284 0
-278 -285 0
-279 -280 0
-279 -281 0
-279 -282 0
-279 -283 0
-279 -284 0
-279 -285 0
-280 -281 0
-280 -282 0
-280 -283 0
-280 -284 0
-280 -285 0
-281 -282 0
-281 -283 0
-281 -284 0
-281 -285 0
-282 -283 0
-282 -284 0
-282 -285 0
-283 -284 0
-283 -285 0
-284 -285 0
286 287 288 289 290 291 292 293 294 295 296 297 298 299 300 0
-286 -287 0
-286 -288 0
-286 -289 0
-286 -290 0
-286 -291 0
-286 -292 0
-286 -293 0
-286 -294 0
-286 -295 0
-286 -296 0
-286 -297 0
-286 -298 0
-286 -299 0
-286 -300 0
-287 -288 0
-287 -289 0
-287 -290 0
-287 -291 0
-287 -292 0
-287 -293 0
-287 -294 0
-287 -295 0
-287 -296 0
-287 -297 0
-287 -298 0
-287 -299 0
-287 -300 0
-288 -289 0
-288 -290 0
-288 -291 0
-288 -292 0
-288 -293 0
-288 -294 0
-288 -295 0
-288 -296 0
-288 -297 0
-288 -298 0
-288 -299 0
-288 -300 0
-289 -290 0
-289 -291 0
-289 -292 0
-289 -293 0
-289 -294 0
-289 -295 0
-289 -296 0
-289 -297 0
-289 -298 0
-289 -299 0
-289 -300 0
-290 -291 0
-290 -292 0
-290 -293 0
-290 -294 0
-290 -295 0
-290 -296 0
-290 -297 0
-290 -298 0
-290 -299 0
-290 -300 0
-291 -292 0
-291 -293 0
-291 -294 0
-291 -295 0
-291 -296 0
-291 -297 0
-291 -298 0
-291 -299 0
-291 -300 0
-292 -293 0
-292 -294 0
-292 -295 0
-292 -296 0
-292 -297 0
-292 -298 0
-292 -299 0
-292 -300 0
-293 -294 0
-293 -295 0
-293 -296 0
-293 -297 0
-293 -298 0
-293 -299 0
-293 -300 0
-294 -295 0
-294 -296 0
-294 -297 0
-294 -298 0
-294 -299 0
-294 -300 0
-295 -296 0
-295 -297 0
-295 -298 0
-295 -299 0
-295 -300 0
-296 -297 0
-296 -298 0
-296 -299 0
-296 -300 0
-297 -298 0
-297 -299 0
-297 -300 0
-298 -299 0
-298 -300 0
-299 -300 0
1 46 76 121 136 151 166 181 196 211 226 241 256 271 286 0
-1 -46 0
-1 -76 0
-1 -121 0
-1 -136 0
-1 -151 0
-1 -166 0
-1 -181 0
-1 -196 0
-1 -211 0
-1 -226 0
-1 -241 0
-1 -256 0
-1 -271 0
-1 -286 0
-46 -76 0
-46 -121 0
-46 -136 0
-46 -151 0
-46 -166 0
-46 -181 0
-46 -196 0
-46 -211 0
-46 -226 0
-46 -241 0
-46 -256 0
-46 -271 0
-46 -286 0
-76 -121 0
-76 -136 0
-76 -151 0
-76 -166 0
-76 -181 0
-76 -196 0
-76 -211 0
-76 -226 0
-76 -241 0
-76 -256 0
-76 -271 0
-76 -286 0
-121 -136 0
-121 -151 0
-121 -166 0
-121 -181 0
-121 -196 0
-121 -211 0
-121 -226 0
-121 -241 0
-121 -256 0
-121 -271 0
-121 -286 0
-136 -151 0
-136 -166 0
-136 -181 0
-136 -196 0
-136 -211 0
-136 -226 0
-136 -241 0
-136 -256 0
-136 -271 0
-136 -286 0
-151 -166 0
-151 -181 0
-151 -196 0
-151 -211 0
-151 -226 0
-151 -241 0
-151 -256 0
-151 -271 0
-151 -286 0
-166 -181 0
-166 -196 0
-166 -211 0
-166 -226 0
-166 -241 0
-166 -256 0
-166 -271 0
-166 -286 0
-181 -196 0
-181 -211 0
-181 -226 0
-181 -241 0
-181 -256 0
-181 -271 0
-181 -286 0
-196 -211 0
-196 -226 0
-196 -241 0
-196 -256 0
-196 -271 0
-196 -286 0
-211 -226 0
-211 -241 0
-211 -256 0
-211 -271 0
-211 -286 0
-226 -241 0
-226 -256 0
-226 -271 0
-226 -286 0
-241 -256 0
-241 -271 0
-241 -286 0
-256 -271 0
-256 -286 0
-271 -286 0
4 48 79 122 137 152 167 182 197 212 227 242 257 272 287 0
-4 -48 0
-4 -79 0
-4 -122 0
-4 -137 0
-4 -152 0
-4 -167 0
-4 -182 0
-4 -197 0
-4 -212 0
-4 -227 0
-4 -242 0
-4 -257 0
-4 -272 0
-4 -287 0
-48 -79 0
-48 -122 0
-48 -137 0
-48 -152 0
-48 -167 0
-48 -182 0
-48 -197 0
-48 -212 0
-48 -227 0
-48 -242 0
-48 -257 0
-48 -272 0
-48 -287 0
-79 -122 0
-79 -137 0
-79 -152 0
-79 -167 0
-79 -182 0
-79 -197 0
-79 -212 0
-79 -227 0
-79 -242 0
-79 -257 0
-79 -272 0
-79 -287 0
-122 -137 0
-122 -152 0
-122 -167 0
-122 -182 0
-122 -197 0
-122 -212 0
-122 -227 0
-122 -242 0
-122 -257 0
-122 -272 0
-122 -287 0
-137 -152 0
-137 -167 0
-137 -182 0
-137 -197 0
-137 -212 0
-137 -227 0
-137 -242 0
-137 -257 0
-137 -272 0
-137 -287 0
-152 -167 0
-152 -182 0
-152 -197 0
-152 -212 0
-152 -227 0
-152 -242 0
-152 -257 0
-152 -272 0
-152 -287 0
-167 -182 0
-167 -197 0
-167 -212 0
-167 -227 0
-167 -242 0
-167 -257 0
-167 -272 0
-167 -287 0
-182 -197 0
-182 -212 0
-182 -227 0
-182 -242 0
-182 -257 0
-182 -272 0
-182 -287 0
-197 -212 0
-197 -227 0
-197 -242 0
-197 -257 0
-197 -272 0
-197 -287 0
-212 -227 0
-212 -242 0
-212 -257 0
-212 -272 0
-212 -287 0
-227 -242 0
-227 -257 0
-227 -272 0
-227 -287 0
-242 -257 0
-242 -272 0
-242 -287 0
-257 -272 0
-257 -287 0
-272 -287 0
7 50 82 123 138 153 168 183 198 213 228 243 258 273 288 0
-7 -50 0
-7 -82 0
-7 -123 0
-7 -138 0
-7 -153 0
-7 -168 0
-7 -183 0
-7 -198 0
-7 -213 0
-7 -228 0
-7 -243 0
-7 -258 0
-7 -273 0
-7 -288 0
-50 -82 0
-50 -123 0
-50 -138 0
-50 -153 0
-50 -168 0
-50 -183 0
-50 -198 0
-50 -213 0
-50 -228 0
-50 -243 0
-50 -258 0
-50 -273 0
-50 -288 0
-82 -123 0
-82 -138 0
-82 -153 0
-82 -168 0
-82 -183 0
-82 -198 0
-82 -213 0
-82 -228 0
-82 -243 0
-82 -258 0
-82 -273 0
-82 -288 0
-123 -138 0
-123 -153 0
-123 -168 0
-123 -183 0
-123 -198 0
-123 -213 0
-123 -228 0
-123 -243 0
-123 -258 0
-123 -273 0
-123 -288 0
-138 -153 0
-138 -168 0
-138 -183 0
-138 -198 0
-138 -213 0
-138 -228 0
-138 -243 0
-138 -258 0
-138 -273 0
-138 -288 0
-153 -168 0
-153 -183 0
-153 -198 0
-153 -213 0
-153 -228 0
-153 -243 0
-153 -258 0
-153 -273 0
-153 -288 0
-168 -183 0
-168 -198 0
-168 -213 0
-168 -228 0
-168 -243 0
-168 -258 0
-168 -273 0
-168 -288 0
-183 -198 0
-183 -213 0
-183 -228 0
-183 -243 0
-183 -258 0
-183 -273 0
-183 -288 0
-198 -213 0
-198 -228 0
-198 -243 0
-198 -258 0
-198 -273 0
-198 -288 0
-213 -228 0
-213 -243 0
-213 -258 0
-213 -273 0
-213 -288 0
-228 -243 0
-228 -258 0
-228 -273 0
-228 -288 0
-243 -258 0
-243 -273 0
-243 -288 0
-258 -273 0
-258 -288 0
-273 -288 0
10 52 85 124 139 154 169 184 199 214 229 244 259 274 289 0
-10 -52 0
-10 -85 0
-10 -124 0
-10 -139 0
-10 -154 0
-10 -169 0
-10 -184 0
-10 -199 0
-10 -214 0
-10 -229 0
-10 -244 0
-10 -259 0
-10 -274 0
-10 -289 0
-52 -85 0
-52 -124 0
-52 -139 0
-52 -154 0
-52 -169 0
-52 -184 0
-52 -199 0
-52 -214 0
-52 -229 0
-52 -244 0
-52 -259 0
-52 -274 0
-52 -289 0
-85 -124 0
-85 -139 0
-85 -154 0
-85 -169 0
-85 -184 0
-85 -199 0
-85 -214 0
-85 -229 0
-85 -244 0
-85 -259 0
-85 -274 0
-85 -289 0
-124 -139 0
-124 -154 0
-124 -169 0
-124 -184 0
-124 -199 0
-124 -214 0
-124 -229 0
-124 -244 0
-124 -259 0
-124 -274 0
-124 -289 0
-139 -154 0
-139 -169 0
-139 -184 0
-139 -199 0
-139 -214 0
-139 -229 0
-139 -244 0
-139 -259 0
-139 -274 0
-139 -289 0
-154 -169 0
-154 -184 0
-154 -199 0
-154 -214 0
-154 -229 0
-154 -244 0
-154 -259 0
-154 -274 0
-154 -289 0
-169 -184 0
-169 -199 0
-169 -214 0
-169 -229 0
-169 -244 0
-169 -259 0
-169 -274 0
-169 -289 0
-184 -199 0
-184 -214 0
-184 -229 0
-184 -244 0
-184 -259 0
-184 -274 0
-184 -289 0
-199 -214 0
-199 -229 0
-199 -244 0
-199 -259 0
-199 -274 0
-199 -289 0
-214 -229 0
-214 -244 0
-214 -259 0
-214 -274 0
-214 -289 0
-229 -244 0
-229 -259 0
-229 -274 0
-229 -289 0
-244 -259 0
-244 -274 0
-244 -289 0
-259 -274 0
-259 -289 0
-274 -289 0
13 54 88 125 140 155 170 185 200 215 230 245 260 275 290 0
-13 -54 0
-13 -88 0
-13 -125 0
-13 -140 0
-13 -155 0
-13 -170 0
-13 -185 0
-13 -200 0
-13 -215 0
-13 -230 0
-13 -245 0
-13 -260 0
-13 -275 0
-13 -290 0
-54 -88 0
-54 -125 0
-54 -140 0
-54 -155 0
-54 -170 0
-54 -185 0
-54 -200 0
-54 -215 0
-54 -230 0
-54 -245 0
-54 -260 0
-54 -275 0
-54 -290 0
-88 -125 0
-88 -140 0
-88 -155 0
-88 -170 0
-88 -185 0
-88 -200 0
-88 -215 0
-88 -230 0
-88 -245 0
-88 -260 0
-88 -275 0
-88 -290 0
-125 -140 0
-125 -155 0
-125 -170 0
-125 -185 0
-125 -200 0
-125 -215 0
-125 -230 0
-125 -245 0
-125 -260 0
-125 -275 0
-125 -290 0
-140 -155 0
-140 -170 0
-140 -185 0
-140 -200 0
-140 -215 0
-140 -230 0
-140 -245 0
-140 -260 0
-140 -275 0
-140 -290 0
-155 -170 0
-155 -185 0
-155 -200 0
-155 -215 0
-155 -230 0
-155 -245 0
-155 -260 0
-155 -275 0
-155 -290 0
-170 -185 0
-170 -200 0
-170 -215 0
-170 -230 0
-170 -245 0
-170 -260 0
-170 -275 0
-170 -290 0
-185 -200 0
-185 -215 0
-185 -230 0
-185 -245 0
-185 -260 0
-185 -275 0
-185 -290 0
-200 -215 0
-200 -230 0
-200 -245 0
-200 -260 0
-200 -275 0
-200 -290 0
-215 -230 0
-215 -245 0
-215 -260 0
-215 -275 0
-215 -290 0
-230 -245 0
-230 -260 0
-230 -275 0
-230 -290 0
-245 -260 0
-245 -275 0
-245 -290 0
-260 -275 0
-260 -290 0
-275 -290 0
16 56 91 126 141 156 171 186 201 216 231 246 261 276 291 0
-16 -56 0
-16 -91 0
-16 -126 0
-16 -141 0
-16 -156 0
-16 -171 0
-16 -186 0
-16 -201 0
-16 -216 0
-16 -231 0
-16 -246 0
-16 -261 0
-16 -276 0
-16 -291 0
-56 -91 0
-56 -126 0
-56 -141 0
-56 -156 0
-56 -171 0
-56 -186 0
-56 -201 0
-56 -216 0
-56 -231 0
-56 -246 0
-56 -261 0
-56 -276 0
-56 -291 0
-91 -126 0
-91 -141 0
-91 -156 0
-91 -171 0
-91 -186 0
-91 -201 0
-91 -216 0
-91 -231 0
-91 -246 0
-91 -261 0
-91 -276 0
-91 -291 0
-126 -141 0
-126 -156 0
-126 -171 0
-126 -186 0
-126 -201 0
-126 -216 0
-126 -231 0
-126 -246 0
-126 -261 0
-126 -276 0
-126 -291 0
-141 -156 0
-141 -171 0
-141 -186 0
-141 -201 0
-141 -216 0
-141 -231 0
-141 -246 0
-141 -261 0
-141 -276 0
-141 -291 0
-156 -171 0
-156 -186 0
-156 -201 0
-156 -216 0
-156 -231 0
-156 -246 0
-156 -261 0
-156 -276 0
-156 -291 0
-171 -186 0
-171 -201 0
-171 -216 0
-171 -231 0
-171 -246 0
-171 -261 0
-171 -276 0
-171 -291 0
-186 -201 0
-186 -216 0
-186 -231 0
-186 -246 0
-186 -261 0
-186 -276 0
-186 -291 0
-201 -216 0
-201 -231 0
-201 -246 0
-201 -261 0
-201 -276 0
-201 -291 0
-216 -231 0
-216 -246 0
-216 -261 0
-216 -276 0
-216 -291 0
-231 -246 0
-231 -261 0
-231 -276 0
-231 -291 0
-246 -261 0
-246 -276 0
-246 -291 0
-261 -276 0
-261 -291 0
-276 -291 0
19 58 94 127 142 157 172 187 202 217 232 247 262 277 292 0
-19 -58 0
-19 -94 0
-19 -127 0
-19 -142 0
-19 -157 0
-19 -172 0
-19 -187 0
-19 -202 0
-19 -217 0
-19 -232 0
-19 -247 0
-19 -262 0
-19 -277 0
-19 -292 0
-58 -94 0
-58 -127 0
-58 -142 0
-58 -157 0
-58 -172 0
-58 -187 0
-58 -202 0
-58 -217 0
-58 -232 0
-58 -247 0
-58 -262 0
-58 -277 0
-58 -292 0
-94 -127 0
-94 -142 0
-94 -157 0
-94 -172 0
-94 -187 0
-94 -202 0
-94 -217 0
-94 -232 0
-94 -247 0
-94 -262 0
-94 -277 0
-94 -292 0
-127 -142 0
-127 -157 0
-127 -172 0
-127 -187 0
-127 -202 0
-127 -217 0
-127 -232 0
-127 -247 0
-127 -262 0
-127 -277 0
-127 -292 0
-142 -157 0
-142 -172 0
-142 -187 0
-142 -202 0
-142 -217 0
-142 -232 0
-142 -247 0
-142 -262 0
-142 -277 0
-142 -292 0
-157 -172 0
-157 -187 0
-157 -202 0
-157 -217 0
-157 -232 0
-157 -247 0
-157 -262 0
-157 -277 0
-157 -292 0
-172 -187 0
-172 -202 0
-172 -217 0
-172 -232 0
-172 -247 0
-172 -262 0
-172 -277 0
-172 -292 0
-187 -202 0
-187 -217 0
-187 -232 0
-187 -247 0
-187 -262 0
-187 -277 0
-187 -292 0
-202 -217 0
-202 -232 0
-202 -247 0
-202 -262 0
-202 -277 0
-202 -292 0
-217 -232 0
-217 -247 0
-217 -262 0
-217 -277 0
-217 -292 0
-232 -247 0
-232 -262 0
-232 -277 0
-232 -292 0
-247 -262 0
-247 -277 0
-247 -292 0
-262 -277 0
-262 -292 0
-277 -292 0
22 60 97 128 143 158 173 188 203 218 233 248 263 278 293 0
-22 -60 0
-22 -97 0
-22 -128 0
-22 -143 0
-22 -158 0
-22 -173 0
-22 -188 0
-22 -203 0
-22 -218 0
-22 -233 0
-22 -248 0
-22 -263 0
-22 -278 0
-22 -293 0
-60 -97 0
-60 -128 0
-60 -143 0
-60 -158 0
-60 -173 0
-60 -188 0
-60 -203 0
-60 -218 0
-60 -233 0
-60 -248 0
-60 -263 0
-60 -278 0
-60 -293 0
-97 -128 0
-97 -143 0
-97 -158 0
-97 -173 0
-97 -188 0
-97 -203 0
-97 -218 0
-97 -233 0
-97 -248 0
-97 -263 0
-97 -278 0
-97 -293 0
-128 -143 0
-128 -158 0
-128 -173 0
-128 -188 0
-128 -203 0
-128 -218 0
-128 -233 0
-128 -248 0
-128 -263 0
-128 -278 0
-128 -293 0
-143 -158 0
-143 -173 0
-143 -188 0
-143 -203 0
-143 -218 0
-143 -233 0
-143 -248 0
-143 -263 0
-143 -278 0
-143 -293 0
-158 -173 0
-158 -188 0
-158 -203 0
-158 -218 0
-158 -233 0
-158 -248 0
-158 -263 0
-158 -278 0
-158 -293 0
-173 -188 0
-173 -203 0
-173 -218 0
-173 -233 0
-173 -248 0
-173 -263 0
-173 -278 0
-173 -293 0
-188 -203 0
-188 -218 0
-188 -233 0
-188 -248 0
-188 -263 0
-188 -278 0
-188 -293 0
-203 -218 0
-203 -233 0
-203 -248 0
-203 -263 0
-203 -278 0
-203 -293 0
-218 -233 0
-218 -248 0
-218 -263 0
-218 -278 0
-218 -293 0
-233 -248 0
-233 -263 0
-233 -278 0
-233 -293 0
-248 -263 0
-248 -278 0
-248 -293 0
-263 -278 0
-263 -293 0
-278 -293 0
25 62 100 129 144 159 174 189 204 219 234 249 264 279 294 0
-25 -62 0
-25 -100 0
-25 -129 0
-25 -144 0
-25 -159 0
-25 -174 0
-25 -189 0
-25 -204 0
-25 -219 0
-25 -234 0
-25 -249 0
-25 -264 0
-25 -279 0
-25 -294 0
-62 -100 0
-62 -129 0
-62 -144 0
-62 -159 0
-62 -174 0
-62 -189 0
-62 -204 0
-62 -219 0
-62 -234 0
-62 -249 0
-62 -264 0
-62 -279 0
-62 -294 0
-100 -129 0
-100 -144 0
-100 -159 0
-100 -174 0
-100 -189 0
-100 -204 0
-100 -219 0
-100 -234 0
-100 -249 0
-100 -264 0
-100 -279 0
-100 -294 0
-129 -144 0
-129 -159 0
-129 -174 0
-129 -189 0
-129 -204 0
-129 -219 0
-129 -234 0
-129 -249 0
-129 -264 0
-129 -279 0
-129 -294 0
-144 -159 0
-144 -174 0
-144 -189 0
-144 -204 0
-144 -219 0
-144 -234 0
-144 -249 0
-144 -264 0
-144 -279 0
-144 -294 0
-159 -174 0
-159 -189 0
-159 -204 0
-159 -219 0
-159 -234 0
-159 -249 0
-159 -264 0
-159 -279 0
-159 -294 0
-174 -189 0
-174 -204 0
-174 -219 0
-174 -234 0
-174 -249 0
-174 -264 0
-174 -279 0
-174 -294 0
-189 -204 0
-189 -219 0
-189 -234 0
-189 -249 0
-189 -264 0
-189 -279 0
-189 -294 0
-204 -219 0
-204 -234 0
-204 -249 0
-204 -264 0
-204 -279 0
-204 -294 0
-219 -234 0
-219 -249 0
-219 -264 0
-219 -279 0
-219 -294 0
-234 -249 0
-234 -264 0
-234 -279 0
-234 -294 0
-249 -264 0
-249 -279 0
-249 -294 0
-264 -279 0
-264 -294 0
-279 -294 0
28 64 103 130 145 160 175 190 205 220 235 250 265 280 295 0
-28 -64 0
-28 -103 0
-28 -130 0
-28 -145 0
-28 -160 0
-28 -175 0
-28 -190 0
-28 -205 0
-28 -220 0
-28 -235 0
-28 -250 0
-28 -265 0
-28 -280 0
-28 -295 0
-64 -103 0
-64 -130 0
-64 -145 0
-64 -160 0
-64 -175 0
-64 -190 0
-64 -205 0
-64 -220 0
-64 -235 0
-64 -250 0
-64 -265 0
-64 -280 0
-64 -295 0
-103 -130 0
-103 -145 0
-103 -160 0
-103 -175 0
-103 -190 0
-103 -205 0
-103 -220 0
-103 -235 0
-103 -250 0
-103 -265 0
-103 -280 0
-103 -295 0
-130 -145 0
-130 -160 0
-130 -175 0
-130 -190 0
-130 -205 0
-130 -220 0
-130 -235 0
-130 -250 0
-130 -265 0
-130 -280 0
-130 -295 0
-145 -160 0
-145 -175 0
-145 -190 0
-145 -205 0
-145 -220 0
-145 -235 0
-145 -250 0
-145 -265 0
-145 -280 0
-145 -295 0
-160 -175 0
-160 -190 0
-160 -205 0
-160 -220 0
-160 -235 0
-160 -250 0
-160 -265 0
-160 -280 0
-160 -295 0
-175 -190 0
-175 -205 0
-175 -220 0
-175 -235 0
-175 -250 0
-175 -265 0
-175 -280 0
-175 -295 0
-190 -205 0
-190 -220 0
-190 -235 0
-190 -250 0
-190 -265 0
-190 -280 0
-190 -295 0
-205 -220 0
-205 -235 0
-205 -250 0
-205 -265 0
-205 -280 0
-205 -295 0
-220 -235 0
-220 -250 0
-220 -265 0
-220 -280 0
-220 -295 0
-235 -250 0
-235 -265 0
-235 -280 0
-235 -295 0
-250 -265 0
-250 -280 0
-250 -295 0
-265 -280 0
-265 -295 0
-280 -295 0
31 66 106 131 146 161 176 191 206 221 236 251 266 281 296 0
-31 -66 0
-31 -106 0
-31 -131 0
-31 -146 0
-31 -161 0
-31 -176 0
-31 -191 0
-31 -206 0
-31 -221 0
-31 -236 0
-31 -251 0
-31 -266 0
-31 -281 0
-31 -296 0
-66 -106 0
-66 -131 0
-66 -146 0
-66 -161 0
-66 -176 0
-66 -191 0
-66 -206 0
-66 -221 0
-66 -236 0
-66 -251 0
-66 -266 0
-66 -281 0
-66 -296 0
-106 -131 0
-106 -146 0
-106 -161 0
-106 -176 0
-106 -191 0
-106 -206 0
-106 -221 0
-106 -236 0
-106 -251 0
-106 -266 0
-106 -281 0
-106 -296 0
-131 -146 0
-131 -161 0
-131 -176 0
-131 -191 0
-131 -206 0
-131 -221 0
-131 -236 0
-131 -251 0
-131 -266 0
-131 -281 0
-131 -296 0
-146 -161 0
-146 -176 0
-146 -191 0
-146 -206 0
-146 -221 0
-146 -236 0
-146 -251 0
-146 -266 0
-146 -281 0
-146 -296 0
-161 -176 0
-161 -191 0
-161 -206 0
-161 -221 0
-161 -236 0
-161 -251 0
-161 -266 0
-161 -281 0
-161 -296 0
-176 -191 0
-176 -206 0
-176 -221 0
-176 -236 0
-176 -251 0
-176 -266 0
-176 -281 0
-176 -296 0
-191 -206 0
-191 -221 0
-191 -236 0
-191 -251 0
-191 -266 0
-191 -281 0
-191 -296 0
-206 -221 0
-206 -236 0
-206 -251 0
-206 -266 0
-206 -281 0
-206 -296 0
-221 -236 0
-221 -251 0
-221 -266 0
-221 -281 0
-221 -296 0
-236 -251 0
-236 -266 0
-236 -281 0
-236 -296 0
-251 -266 0
-251 -281 0
-251 -296 0
-266 -281 0
-266 -296 0
-281 -296 0
34 68 109 132 147 162 177 192 207 222 237 252 267 282 297 0
-34 -68 0
-34 -109 0
-34 -132 0
-34 -147 0
-34 -162 0
-34 -177 0
-34 -192 0
-34 -207 0
-34 -222 0
-34 -237 0
-34 -252 0
-34 -267 0
-34 -282 0
-34 -297 0
-68 -109 0
-68 -132 0
-68 -147 0
-68 -162 0
-68 -177 0
-68 -192 0
-68 -207 0
-68 -222 0
-68 -237 0
-68 -252 0
-68 -267 0
-68 -282 0
-68 -297 0
-109 -132 0
-109 -147 0
-109 -162 0
-109 -177 0
-109 -192 0
-109 -207 0
-109 -222 0
-109 -237 0
-109 -252 0
-109 -267 0
-109 -282 0
-109 -297 0
-132 -147 0
-132 -162 0
-132 -177 0
-132 -192 0
-132 -207 0
-132 -222 0
-132 -237 0
-132 -252 0
-132 -267 0
-132 -282 0
-132 -297 0
-147 -162 0
-147 -177 0
-147 -192 0
-147 -207 0
-147 -222 0
-147 -237 0
-147 -252 0
-147 -267 0
-147 -282 0
-147 -297 0
-162 -177 0
-162 -192 0
-162 -207 0
-162 -222 0
-162 -237 0
-162 -252 0
-162 -267 0
-162 -282 0
-162 -297 0
-177 -192 0
-177 -207 0
-177 -222 0
-177 -237 0
-177 -252 0
-177 -267 0
-177 -282 0
-177 -297 0
-192 -207 0
-192 -222 0
-192 -237 0
-192 -252 0
-192 -267 0
-192 -282 0
-192 -297 0
-207 -222 0
-207 -237 0
-207 -252 0
-207 -267 0
-207 -282 0
-207 -297 0
-222 -237 0
-222 -252 0
-222 -267 0
-222 -282 0
-222 -297 0
-237 -252 0
-237 -267 0
-237 -282 0
-237 -297 0
-252 -267 0
-252 -282 0
-252 -297 0
-267 -282 0
-267 -297 0
-282 -297 0
37 70 112 133 148 163 178 193 208 223 238 253 268 283 298 0
-37 -70 0
-37 -112 0
-37 -133 0
-37 -148 0
-37 -163 0
-37 -178 0
-37 -193 0
-37 -208 0
-37 -223 0
-37 -238 0
-37 -253 0
-37 -268 0
-37 -283 0
-37 -298 0
-70 -112 0
-70 -133 0
-70 -148 0
-70 -163 0
-70 -178 0
-70 -193 0
-70 -208 0
-70 -223 0
-70 -238 0
-70 -253 0
-70 -268 0
-70 -283 0
-70 -298 0
-112 -133 0
-112 -148 0
-112 -163 0
-112 -178 0
-112 -193 0
-112 -208 0
-112 -223 0
-112 -238 0
-112 -253 0
-112 -268 0
-112 -283 0
-112 -298 0
-133 -148 0
-133 -163 0
-133 -178 0
-133 -193 0
-133 -208 0
-133 -223 0
-133 -238 0
-133 -253 0
-133 -268 0
-133 -283 0
-133 -298 0
-148 -163 0
-148 -178 0
-148 -193 0
-148 -208 0
-148 -223 0
-148 -238 0
-148 -253 0
-148 -268 0
-148 -283 0
-148 -298 0
-163 -178 0
-163 -193 0
-163 -208 0
-163 -223 0
-163 -238 0
-163 -253 0
-163 -268 0
-163 -283 0
-163 -298 0
-178 -193 0
-178 -208 0
-178 -223 0
-178 -238 0
-178 -253 0
-178 -268 0
-178 -283 0
-178 -298 0
-193 -208 0
-193 -223 0
-193 -238 0
-193 -253 0
-193 -268 0
-193 -283 0
-193 -298 0
-208 -223 0
-208 -238 0
-208 -253 0
-208 -268 0
-208 -283 0
-208 -298 0
-223 -238 0
-223 -253 0
-223 -268 0
-223 -283 0
-223 -298 0
-238 -253 0
-238 -268 0
-238 -283 0
-238 -298 0
-253 -268 0
-253 -283 0
-253 -298 0
-268 -283 0
-268 -298 0
-283 -298 0
40 72 115 134 149 164 179 194 209 224 239 254 269 284 299 0
-40 -72 0
-40 -115 0
-40 -134 0
-40 -149 0
-40 -164 0
-40 -179 0
-40 -194 0
-40 -209 0
-40 -224 0
-40 -239 0
-40 -254 0
-40 -269 0
-40 -284 0
-40 -299 0
-72 -115 0
-72 -134 0
-72 -149 0
-72 -164 0
-72 -179 0
-72 -194 0
-72 -209 0
-72 -224 0
-72 -239 0
-72 -254 0
-72 -269 0
-72 -284 0
-72 -299 0
-115 -134 0
-115 -149 0
-115 -164 0
-115 -179 0
-115 -194 0
-115 -209 0
-115 -224 0
-115 -239 0
-115 -254 0
-115 -269 0
-115 -284 0
-115 -299 0
-134 -149 0
-134 -164 0
-134 -179 0
-134 -194 0
-134 -209 0
-134 -224 0
-134 -239 0
-134 -254 0
-134 -269 0
-134 -284 0
-134 -299 0
-149 -164 0
-149 -179 0
-149 -194 0
-149 -209 0
-149 -224 0
-149 -239 0
-149 -254 0
-149 -269 0
-149 -284 0
-149 -299 0
-164 -179 0
-164 -194 0
-164 -209 0
-164 -224 0
-164 -239 0
-164 -254 0
-164 -269 0
-164 -284 0
-164 -299 0
-179 -194 0
-179 -209 0
-179 -224 0
-179 -239 0
-179 -254 0
-179 -269 0
-179 -284 0
-179 -299 0
-194 -209 0
-194 -224 0
-194 -239 0
-194 -254 0
-194 -269 0
-194 -284 0
-194 -299 0
-209 -224 0
-209 -239 0
-209 -254 0
-209 -269 0
-209 -284 0
-209 -299 0
-224 -239 0
-224 -254 0
-224 -269 0
-224 -284 0
-224 -299 0
-239 -254 0
-239 -269 0
-239 -284 0
-239 -299 0
-254 -269 0
-254 -284 0
-254 -299 0
-269 -284 0
-269 -299 0
-284 -299 0
43 74 118 135 150 165 180 195 210 225 240 255 270 285 300 0
-43 -74 0
-43 -118 0
-43 -135 0
-43 -150 0
-43 -165 0
-43 -180 0
-43 -195 0
-43 -210 0
-43 -225 0
-43 -240 0
-43 -255 0
-43 -270 0
-43 -285 0
-43 -300 0
-74 -118 0
-74 -135 0
-74 -150 0
-74 -165 0
-74 -180 0
-74 -195 0
-74 -210 0
-74 -225 0
-74 -240 0
-74 -255 0
-74 -270 0
-74 -285 0
-74 -300 0
-118 -135 0
-118 -150 0
-118 -165 0
-118 -180 0
-118 -195 0
-118 -210 0
-118 -225 0
-118 -240 0
-118 -255 0
-118 -270 0
-118 -285 0
-118 -300 0
-135 -150 0
-135 -165 0
-135 -180 0
-135 -195 0
-135 -210 0
-135 -225 0
-135 -240 0
-135 -255 0
-135 -270 0
-135 -285 0
-135 -300 0
-150 -165 0
-150 -180 0
-150 -195 0
-150 -210 0
-150 -225 0
-150 -240 0
-150 -255 0
-150 -270 0
-150 -285 0
-150 -300 0
-165 -180 0
-165 -195 0
-165 -210 0
-165 -225 0
-165 -240 0
-165 -255 0
-165 -270 0
-165 -285 0
-165 -300 0
-180 -195 0
-180 -210 0
-180 -225 0
-180 -240 0
-180 -255 0
-180 -270 0
-180 -285 0
-180 -300 0
-195 -210 0
-195 -225 0
-195 -240 0
-195 -255 0
-195 -270 0
-195 -285 0
-195 -300 0
-210 -225 0
-210 -240 0
-210 -255 0
-210 -270 0
-210 -285 0
-210 -300 0
-225 -240 0
-225 -255 0
-225 -270 0
-225 -285 0
-225 -300 0
-240 -255 0
-240 -270 0
-240 -285 0
-240 -300 0
-255 -270 0
-255 -285 0
-255 -300 0
-270 -285 0
-270 -300 0
-285 -300 0
